0 1.23738e-10
1 1.46775e-09
2 1.08863e-08
3 4.86331e-08
4 1.57455e-07
5 4.11961e-07
6 9.2738e-07
7 1.8671e-06
8 3.44856e-06
9 5.94728e-06
10 9.6989e-06
11 1.50992e-05
12 2.26026e-05
13 3.2718e-05
14 4.60047e-05
15 6.30653e-05
16 8.45387e-05
17 0.000111092
18 0.000143412
19 0.000182196
20 0.000228143
21 0.000281944
22 0.000344274
23 0.000415786
24 0.000497098
25 0.000588792
26 0.000691404
27 0.00080542
28 0.000931272
29 0.00106933
30 0.00121992
31 0.00138328
32 0.0015596
33 0.00174901
34 0.00195157
35 0.00216727
36 0.00239606
37 0.00263783
38 0.00289239
39 0.00315954
40 0.003439
41 0.00373046
42 0.00403357
43 0.00434795
44 0.00467319
45 0.00500885
46 0.00535447
47 0.00570957
48 0.00607367
49 0.00644627
50 0.00682687
51 0.00721496
52 0.00761006
53 0.00801167
54 0.0084193
55 0.00883248
56 0.00925076
57 0.00967368
58 0.0101008
59 0.0105318
60 0.0109662
61 0.0114036
62 0.0118438
63 0.0122863
64 0.0127309
65 0.0131774
66 0.0136253
67 0.0140745
68 0.0145243
69 0.0149737
70 0.0154208
71 0.0158634
72 0.0162986
73 0.0167229
74 0.0171323
75 0.0175228
76 0.0178898
77 0.018229
78 0.0185359
79 0.0188066
80 0.0190369
81 0.0192235
82 0.0193632
83 0.0194536
84 0.0194926
85 0.0194789
86 0.0194116
87 0.0192906
88 0.0191163
89 0.0188895
90 0.0186119
91 0.0182853
92 0.0179123
93 0.0174956
94 0.0170384
95 0.0165441
96 0.0160166
97 0.0154597
98 0.0148773
99 0.0142736
100 0.0136527
101 0.0130185
102 0.0123752
103 0.0117266
104 0.0110765
105 0.0104283
106 0.00978559
107 0.00915137
108 0.00852857
109 0.00791983
110 0.00732753
111 0.00675377
112 0.00620039
113 0.00566895
114 0.00516075
115 0.00467682
116 0.00421795
117 0.00378468
118 0.00337734
119 0.00299603
120 0.00264066
121 0.00231098
122 0.00200654
123 0.00172677
124 0.00147097
125 0.00123832
126 0.00102789
127 0.000838708
128 0.000669708
129 0.000519785
130 0.0003878
131 0.00027259
132 0.000172982
133 8.78058e-05
134 1.59015e-05
135 -4.38709e-05
136 -9.2623e-05
137 -0.000131432
138 -0.000161333
139 -0.000183317
140 -0.000198324
141 -0.000207243
142 -0.000210906
143 -0.000210089
144 -0.000205511
145 -0.000197834
146 -0.000187661
147 -0.00017554
148 -0.000161965
149 -0.000147375
150 -0.000132159
151 -0.000116658
152 -0.000101166
153 -8.59343e-05
154 -7.11732e-05
155 -5.7056e-05
156 -4.37216e-05
157 -3.12774e-05
158 -1.98023e-05
159 -9.3497e-06
160 4.96158e-08
161 8.3849e-06
162 1.56627e-05
163 2.19045e-05
164 2.71442e-05
165 3.14261e-05
166 3.48028e-05
167 3.73335e-05
168 3.90819e-05
169 4.01151e-05
170 4.05022e-05
171 4.03126e-05
172 3.96157e-05
173 3.84793e-05
174 3.69692e-05
