0 4.9495e-10
1 5.871e-09
2 4.35453e-08
3 1.94532e-07
4 6.29822e-07
5 1.64785e-06
6 3.70952e-06
7 7.4684e-06
8 1.37942e-05
9 2.37891e-05
10 3.87956e-05
11 6.0397e-05
12 9.04103e-05
13 0.000130872
14 0.000184019
15 0.000252261
16 0.000338155
17 0.000444368
18 0.000573649
19 0.000728785
20 0.000912572
21 0.00112778
22 0.0013771
23 0.00166314
24 0.00198839
25 0.00235517
26 0.00276561
27 0.00322168
28 0.00372509
29 0.00427734
30 0.00487968
31 0.00553312
32 0.00623841
33 0.00699602
34 0.00780608
35 0.0086678
36 0.00957907
37 0.0105363
38 0.0115343
39 0.0125664
40 0.0136245
41 0.0146993
42 0.0157807
43 0.0168578
44 0.0179195
45 0.0189546
46 0.0199518
47 0.0209004
48 0.0217904
49 0.0226124
50 0.023358
51 0.02402
52 0.024592
53 0.0250691
54 0.0254477
55 0.0257252
56 0.0259004
57 0.0259731
58 0.0259446
59 0.0258168
60 0.0255929
61 0.0252769
62 0.0248735
63 0.0243883
64 0.0238271
65 0.0231965
66 0.0225034
67 0.0217547
68 0.0209578
69 0.0201199
70 0.0192484
71 0.0183504
72 0.0174328
73 0.0165025
74 0.015566
75 0.0146292
76 0.0136979
77 0.0127775
78 0.0118728
79 0.0109882
80 0.0101276
81 0.00929448
82 0.00849188
83 0.00772229
84 0.00698779
85 0.00629002
86 0.0056302
87 0.00500916
88 0.00442736
89 0.0038849
90 0.0033816
91 0.00291696
92 0.00249024
93 0.00210047
94 0.00174646
95 0.00142688
96 0.00114025
97 0.000884954
98 0.000659308
99 0.000461551
100 0.000289878
101 0.000142461
102 1.74649e-05
103 -8.69304e-05
104 -0.00017252
105 -0.000241056
106 -0.00029424
107 -0.00033371
108 -0.000361032
109 -0.000377695
110 -0.000385104
111 -0.000384576
112 -0.000377337
113 -0.000364524
114 -0.000347179
115 -0.000326254
116 -0.000302609
117 -0.000277017
118 -0.000250167
119 -0.000222663
120 -0.000195033
121 -0.00016773
122 -0.000141138
123 -0.000115576
124 -9.13047e-05
125 -6.8527e-05
126 -4.73975e-05
127 -2.8025e-05
128 -1.04778e-05
129 5.21172e-06
130 1.90426e-05
131 3.1041e-05
132 4.12564e-05
133 4.97574e-05
134 5.66288e-05
135 6.19677e-05
136 6.58807e-05
137 6.84815e-05
138 6.9888e-05
139 7.02201e-05
140 6.95983e-05
141 6.81414e-05
142 6.59653e-05
143 6.3182e-05
144 5.98979e-05
145 5.6214e-05
146 5.22243e-05
147 4.80158e-05
148 4.36684e-05
149 3.92542e-05
150 3.48377e-05
151 3.0476e-05
152 2.62188e-05
153 2.21087e-05
154 1.81811e-05
155 1.44655e-05
156 1.09846e-05
157 7.7559e-06
158 4.79145e-06
159 2.09856e-06
160 -3.19793e-07
161 -2.46446e-06
162 -4.33968e-06
163 -5.95262e-06
164 -7.31295e-06
165 -8.4324e-06
166 -9.3244e-06
167 -1.00037e-05
168 -1.0486e-05
169 -1.07878e-05
170 -1.09257e-05
171 -1.09167e-05
172 -1.07776e-05
173 -1.05247e-05
174 -1.01742e-05
