32331 11 1.79228 0.488089 -1.48642 1.6848 0.587115 -1.27812
32331 11 1.6848 0.587115 -1.27812 1.4441 0.964082 -1.35189
32331 11 1.4441 0.964082 -1.35189 1.33081 0.915676 -1.04108
32331 11 1.33081 0.915676 -1.04108 1.29881 0.952385 -0.965858
32331 11 1.29881 0.952385 -0.965858 1.29667 0.94822 -0.964446
32331 22 1.29881 0.952385 -0.965858 0.576436 -2.9441 -0.0691027
32331 22 0.576436 -2.9441 -0.0691027 0.520771 -3.24436 1.11022e-16
32331 22 0.520771 -3.24436 1.11022e-16 0.440217 -3.67887 0.1
32331 22 0.440217 -3.67887 0.1 -0.768096 -10.1965 1.6
32331 22 -0.768096 -10.1965 1.6 -0.79629 -10.3486 1.635
32331 22 -0.79629 -10.3486 1.635 -8.04617 -49.4544 10.635
32331 22 -8.04617 -49.4544 10.635 -8.07436 -49.6065 10.67
32331 22 -8.07436 -49.6065 10.67 -9.28268 -56.1241 12.17
32331 22 -9.28268 -56.1241 12.17 -17.3381 -99.575 22.17
32331 22 -17.3381 -99.575 22.17 -18.5464 -106.093 23.67
32331 22 -18.5464 -106.093 23.67 -18.5608 -106.17 23.6879
32331 22 -18.5608 -106.17 23.6879 -18.6804 -106.284 23.67
32331 22 -18.6804 -106.284 23.67 -28.6895 -115.819 22.17
32331 22 -28.6895 -115.819 22.17 -95.417 -179.386 12.17
32331 22 -95.417 -179.386 12.17 -105.426 -188.921 10.67
32331 22 -105.426 -188.921 10.67 -105.66 -189.144 10.635
32331 22 -105.66 -189.144 10.635 -165.714 -246.354 1.635
32331 22 -165.714 -246.354 1.635 -165.767 -246.404 1.62719
32331 22 -165.767 -246.404 1.62719 -165.78 -246.424 1.635
32331 22 -165.78 -246.424 1.635 -167.445 -248.922 2.58777
32331 22 -167.445 -248.922 2.58777 -234.799 -350 41.1411
32331 11 -165.767 -246.404 1.62719 -165.767 -246.404 1.62643
32331 11 -18.5608 -106.17 23.6879 -18.5654 -106.177 23.697
32331 11 -18.5654 -106.177 23.697 -18.5652 -106.174 23.699
32331 11 -18.5652 -106.174 23.699 -18.5664 -106.17 23.6985
32331 11 -18.5664 -106.17 23.6985 -18.5701 -106.171 23.6976
32331 11 -18.5701 -106.171 23.6976 -18.5701 -106.173 23.6977
32331 11 -18.5701 -106.173 23.6977 -18.57 -106.173 23.6979
61763 11 0.87061 0.146815 -0.716483 0.688694 0.242877 -0.751142
61763 11 0.688694 0.242877 -0.751142 0.504003 0.32091 -0.720693
61763 11 0.504003 0.32091 -0.720693 0.292529 0.356689 -0.647028
61763 11 0.292529 0.356689 -0.647028 0.04135 0.321911 -0.468922
61763 11 0.04135 0.321911 -0.468922 -0.164618 0.278395 -0.375346
61763 11 -0.164618 0.278395 -0.375346 -0.320919 0.290251 -0.271127
61763 11 -0.320919 0.290251 -0.271127 -0.484616 0.231919 -0.282546
61763 11 -0.484616 0.231919 -0.282546 -0.644158 0.298778 -0.156501
61763 11 -0.644158 0.298778 -0.156501 -0.686235 0.283882 2.77556e-17
61763 11 -0.686235 0.283882 2.77556e-17 -0.69757 0.275417 0.0063367
61763 11 -0.69757 0.275417 0.0063367 -0.704848 0.270466 0.0230117
61763 11 -0.704848 0.270466 0.0230117 -0.720321 0.272181 0.0363896
61763 11 -0.720321 0.272181 0.0363896 -0.718798 0.281869 0.0531543
61763 11 -0.718798 0.281869 0.0531543 -0.719205 0.271782 0.0783623
61763 11 -0.719205 0.271782 0.0783623 -0.722673 0.271349 0.0814704
61763 11 -0.722673 0.271349 0.0814704 -0.726438 0.257628 0.0814992
61763 11 -0.726438 0.257628 0.0814992 -0.725054 0.246766 0.0778679
61763 11 -0.725054 0.246766 0.0778679 -0.708461 0.235836 0.0827563
61763 11 -0.708461 0.235836 0.0827563 -0.707916 0.226174 0.0872769
61763 11 -0.707916 0.226174 0.0872769 -0.703742 0.218127 0.0899128
61763 11 -0.703742 0.218127 0.0899128 -0.711438 0.21825 0.0939434
61763 11 -0.711438 0.21825 0.0939434 -0.711439 0.218253 0.0939428
61763 22 -0.722673 0.271349 0.0814704 -0.716299 0.259838 0.1
61763 22 -0.716299 0.259838 0.1 -0.200329 -0.671991 1.6
61763 22 -0.200329 -0.671991 1.6 -0.18829 -0.693734 1.635
61763 22 -0.18829 -0.693734 1.635 2.90753 -6.28471 10.635
61763 22 2.90753 -6.28471 10.635 2.91957 -6.30645 10.67
61763 22 2.91957 -6.30645 10.67 3.06004 -6.56014 11.0784
61763 22 3.06004 -6.56014 11.0784 1.54019 -6.04605 10.67
61763 22 1.54019 -6.04605 10.67 1.41543 -6.00385 10.6365
61763 22 1.41543 -6.00385 10.6365 1.37979 -6.01676 10.635
61763 22 1.37979 -6.01676 10.635 -215.283 -84.5021 1.635
61763 22 -215.283 -84.5021 1.635 -215.757 -84.6736 1.61533
61763 22 -215.757 -84.6736 1.61533 -215.94 -84.7028 1.6
61763 22 -215.94 -84.7028 1.6 -225.42 -86.2123 0.806509
61763 22 -225.42 -86.2123 0.806509 -227.124 -88.67 1.58431
61763 22 -227.124 -88.67 1.58431 -227.131 -88.6713 1.6
61763 22 -227.131 -88.6713 1.6 -227.145 -88.6744 1.635
61763 22 -227.145 -88.6744 1.635 -230.721 -89.4656 10.635
61763 22 -230.721 -89.4656 10.635 -230.735 -89.4687 10.67
61763 22 -230.735 -89.4687 10.67 -231.332 -89.6005 12.17
61763 22 -231.332 -89.6005 12.17 -235.306 -90.4796 22.17
61763 22 -235.306 -90.4796 22.17 -235.902 -90.6114 23.67
61763 22 -235.902 -90.6114 23.67 -235.916 -90.6145 23.705
61763 22 -235.916 -90.6145 23.705 -266.238 -97.3213 100
61763 11 -227.124 -88.67 1.58431 -227.124 -88.6703 1.58401
61763 11 -225.42 -86.2123 0.806509 -225.42 -86.2121 0.806376
61763 11 -215.757 -84.6736 1.61533 -215.757 -84.6736 1.61533
61763 11 1.41543 -6.00385 10.6365 1.41543 -6.00382 10.6365
61763 11 3.06004 -6.56014 11.0784 3.0681 -6.56657 11.0872
69920 11 0.45878 1.71988 -0.0435847 0.496793 1.72769 -0.0173402
69920 11 0.496793 1.72769 -0.0173402 0.507495 1.72221 1.73472e-17
69920 11 0.507495 1.72221 1.73472e-17 0.518425 1.7159 0.0170494
69920 11 0.518425 1.7159 0.0170494 0.532605 1.71659 0.0415388
69920 11 0.532605 1.71659 0.0415388 0.557651 1.72729 0.0477569
69920 11 0.557651 1.72729 0.0477569 0.578233 1.72362 0.0696396
69920 11 0.578233 1.72362 0.0696396 0.595398 1.71638 0.0901777
69920 11 0.595398 1.71638 0.0901777 0.59662 1.71635 0.1
69920 11 0.59662 1.71635 0.1 0.66152 1.76449 0.490985
69920 11 0.66152 1.76449 0.490985 0.517553 1.8265 0.746955
69920 11 0.517553 1.8265 0.746955 0.389204 1.92968 1.09587
69920 11 0.389204 1.92968 1.09587 0.192228 1.95779 1.3548
69920 11 0.192228 1.95779 1.3548 0.079457 2.13988 1.5177
69920 11 0.079457 2.13988 1.5177 -0.0456742 2.28451 1.6
69920 11 -0.0456742 2.28451 1.6 -0.0518828 2.29266 1.61805
69920 11 -0.0518828 2.29266 1.61805 -0.062914 2.30256 1.62641
69920 11 -0.062914 2.30256 1.62641 -0.0637634 2.31608 1.635
69920 11 -0.0637634 2.31608 1.635 -13.1509 59.2208 10.635
69920 11 -13.1509 59.2208 10.635 -13.153 59.2378 10.6381
69920 11 -13.153 59.2378 10.6381 -13.1514 59.2512 10.6465
69920 11 -13.1514 59.2512 10.6465 -13.1487 59.2669 10.6431
69920 11 -13.1487 59.2669 10.6431 -13.1556 59.2765 10.6354
69920 11 -13.1556 59.2765 10.6354 -13.1558 59.2769 10.635
69920 11 -13.1558 59.2769 10.635 -23.9175 72.4686 1.635
69920 11 -23.9175 72.4686 1.635 -23.9259 72.4753 1.63424
69920 11 -23.9259 72.4753 1.63424 -23.9383 72.4793 1.63192
69920 11 -23.9383 72.4793 1.63192 -23.9475 72.4875 1.63433
69920 11 -23.9475 72.4875 1.63433 -23.9503 72.4887 1.635
69920 11 -23.9503 72.4887 1.635 -23.9503 72.4887 1.635
69920 11 -23.9503 72.4887 1.635 -23.9604 72.492 1.63497
69920 11 -23.9604 72.492 1.63497 -23.9687 72.496 1.63497
69920 11 -23.9687 72.496 1.63497 -23.9688 72.4961 1.635
69920 11 -23.9688 72.4961 1.635 -26.2133 75.9527 2.35845
69920 11 -26.2133 75.9527 2.35845 -85.7936 187.114 10.635
69920 11 -85.7936 187.114 10.635 -85.7936 187.114 10.635
69920 11 -85.7936 187.114 10.635 -133.196 222.604 1.66917
69920 11 -133.196 222.604 1.66917 -133.29 222.645 1.635
69920 11 -133.29 222.645 1.635 -133.3 222.648 1.63431
69920 11 -133.3 222.648 1.63431 -133.31 222.648 1.63264
69920 11 -133.31 222.648 1.63264 -133.317 222.648 1.635
69920 11 -133.317 222.648 1.635 -140.283 223.347 10.635
69920 11 -140.283 223.347 10.635 -140.286 223.347 10.6438
69920 11 -140.286 223.347 10.6438 -140.293 223.349 10.6497
69920 11 -140.293 223.349 10.6497 -140.298 223.353 10.6539
69920 11 -140.298 223.353 10.6539 -140.303 223.357 10.6599
69920 11 -140.303 223.357 10.6599 -140.303 223.364 10.6648
69920 11 -140.303 223.364 10.6648 -140.297 223.369 10.666
69920 11 -140.297 223.369 10.666 -140.293 223.372 10.6681
69920 11 -140.293 223.372 10.6681 -140.29 223.373 10.67
69920 11 -140.29 223.373 10.67 -140.279 223.373 10.6931
69920 11 -140.279 223.373 10.6931 -140.27 223.379 10.717
69920 11 -140.27 223.379 10.717 -140.257 223.382 10.738
69920 11 -140.257 223.382 10.738 -140.225 223.381 10.7645
69920 11 -140.225 223.381 10.7645 -140.19 223.39 10.7978
69920 11 -140.19 223.39 10.7978 -140.142 223.389 10.849
69920 11 -140.142 223.389 10.849 -140.096 223.432 10.8937
69920 11 -140.096 223.432 10.8937 -140.1 223.49 10.9202
69920 11 -133.196 222.604 1.66917 -133.2 222.566 1.66297
69920 11 -133.2 222.566 1.66297 -133.183 222.532 1.65831
69920 11 -133.183 222.532 1.65831 -133.184 222.495 1.64495
69920 11 -133.184 222.495 1.64495 -133.207 222.495 1.63769
69920 11 -133.207 222.495 1.63769 -133.208 222.494 1.635
69920 11 -133.208 222.494 1.635 -133.208 222.494 1.635
69920 11 -133.208 222.494 1.635 -133.208 222.494 1.63499
69920 11 -26.2133 75.9527 2.35845 -26.5844 75.5185 2.66147
69920 11 -26.5844 75.5185 2.66147 -26.9522 75.1757 3.07981
69920 11 -26.9522 75.1757 3.07981 -27.0783 74.3734 3.16931
69920 11 -27.0783 74.3734 3.16931 -26.5929 73.7059 2.94116
69920 11 -26.5929 73.7059 2.94116 -26.1621 73.3326 3.55245
69920 11 -26.1621 73.3326 3.55245 -25.7332 73.2068 3.90563
69920 11 -25.7332 73.2068 3.90563 -25.2069 72.1482 3.97869
69920 11 -25.2069 72.1482 3.97869 -24.6564 71.1607 3.59547
69920 11 -24.6564 71.1607 3.59547 -24.3838 71.1347 3.18343
69920 11 -24.3838 71.1347 3.18343 -23.6826 70.8253 2.74574
69920 11 -23.6826 70.8253 2.74574 -23.7491 70.8217 2.5363
69920 11 -24.3838 71.1347 3.18343 -24.3758 71.1323 3.20275
69920 11 -25.7332 73.2068 3.90563 -25.6553 73.2197 3.92126
88432 11 0.324251 0.844285 -1.33806 0.413748 0.910391 -1.30442
88432 11 0.413748 0.910391 -1.30442 0.425485 0.943526 -1.29972
88432 11 0.425485 0.943526 -1.29972 0.435545 0.973302 -1.30093
88432 11 0.435545 0.973302 -1.30093 0.440391 1.00331 -1.29399
88432 11 0.440391 1.00331 -1.29399 0.487343 1.03109 -1.28141
88432 11 0.487343 1.03109 -1.28141 0.505558 1.09566 -1.22976
88432 11 0.505558 1.09566 -1.22976 0.544035 1.14238 -1.14365
88432 11 0.544035 1.14238 -1.14365 0.608268 1.23967 -1.09556
88432 11 0.608268 1.23967 -1.09556 0.650014 1.36337 -1.01701
88432 11 0.650014 1.36337 -1.01701 0.646268 1.35842 -1.00765
88432 11 0.646268 1.35842 -1.00765 0.643916 1.35478 -1.00382
88432 22 0.646268 1.35842 -1.00765 -2.82566 1.00779 -0.411652
88432 22 -2.82566 1.00779 -0.411652 -5.22373 0.765604 1.11022e-16
88432 22 -5.22373 0.765604 1.11022e-16 -5.80627 0.706773 0.1
88432 22 -5.80627 0.706773 0.1 -13.525 -0.0727412 1.425
88432 22 -13.525 -0.0727412 1.425 -83.1316 -9.16703 1.5519
88432 22 -83.1316 -9.16703 1.5519 -83.8367 -10.909 0.1
88432 22 -83.8367 -10.909 0.1 -88.6925 -22.9067 -9.9
88432 22 -88.6925 -22.9067 -9.9 -89.4209 -24.7063 -11.4
88432 22 -89.4209 -24.7063 -11.4 -89.4379 -24.7483 -11.435
88432 22 -89.4379 -24.7483 -11.435 -132.444 -131.006 -100
88432 11 -83.1316 -9.16703 1.5519 -83.1434 -9.16024 1.55925
88432 22 0.650014 1.36337 -1.01701 1.25466 0.919855 -0.289993
88432 22 1.25466 0.919855 -0.289993 1.58841 0.694774 0
88432 22 1.58841 0.694774 0 1.67271 0.637916 0.073255
88432 22 1.67271 0.637916 0.073255 1.75648 0.593355 0.1
88432 22 1.75648 0.593355 0.1 6.45456 -1.90585 1.6
88432 22 6.45456 -1.90585 1.6 6.56418 -1.96417 1.635
88432 22 6.56418 -1.96417 1.635 34.7526 -16.9594 10.635
88432 22 34.7526 -16.9594 10.635 34.772 -16.9697 10.6412
88432 22 34.772 -16.9697 10.6412 34.7746 -16.7729 10.635
88432 22 34.7746 -16.7729 10.635 38.5088 269.691 1.635
88432 22 38.5088 269.691 1.635 38.5147 270.138 1.62098
88432 11 38.5147 270.138 1.62098 38.5159 270.14 1.62109
88432 11 34.772 -16.9697 10.6412 34.7723 -16.9701 10.6413
109076 11 1.87465 0.598003 -0.0594471 1.86768 0.581653 6.93889e-18
109076 11 1.86768 0.581653 6.93889e-18 1.87741 0.593217 0.0291516
109076 11 1.87741 0.593217 0.0291516 1.86495 0.585447 0.0516653
109076 11 1.86495 0.585447 0.0516653 1.87423 0.583294 0.0801206
109076 11 1.87423 0.583294 0.0801206 1.87697 0.583313 0.0983574
109076 11 1.87697 0.583313 0.0983574 1.87713 0.582468 0.1
109076 11 1.87713 0.582468 0.1 2.00046 0.441712 0.45135
109076 11 2.00046 0.441712 0.45135 2.12369 0.3194 0.782957
109076 11 2.12369 0.3194 0.782957 2.21246 0.101615 0.988985
109076 11 2.21246 0.101615 0.988985 2.44242 -0.0358916 1.21771
109076 11 2.44242 -0.0358916 1.21771 2.67126 -0.116213 1.56597
109076 11 2.67126 -0.116213 1.56597 2.68971 -0.126392 1.6
109076 11 2.68971 -0.126392 1.6 2.70186 -0.131884 1.62313
109076 11 2.70186 -0.131884 1.62313 2.70895 -0.134396 1.635
109076 11 2.70895 -0.134396 1.635 7.54078 -3.73616 10.635
109076 11 7.54078 -3.73616 10.635 7.55244 -3.74656 10.6524
109076 11 7.55244 -3.74656 10.6524 7.55499 -3.73777 10.67
109076 11 7.55499 -3.73777 10.67 7.54737 -3.73035 10.6505
109076 11 7.54737 -3.73035 10.6505 7.53861 -3.72061 10.6354
109076 11 7.53861 -3.72061 10.6354 7.53783 -3.72015 10.635
109076 11 7.53783 -3.72015 10.635 -20.2338 12.0355 1.635
109076 11 -20.2338 12.0355 1.635 -20.2338 12.0355 1.635
109076 11 -20.2338 12.0355 1.635 -144.386 125.051 3.33345
109076 11 -144.386 125.051 3.33345 -146.812 133.273 10.635
109076 11 -146.812 133.273 10.635 -146.819 133.288 10.6375
109076 11 -146.819 133.288 10.6375 -146.834 133.296 10.6383
109076 11 -146.834 133.296 10.6383 -146.843 133.307 10.6351
109076 11 -146.843 133.307 10.6351 -146.844 133.308 10.635
109076 11 -146.844 133.308 10.635 -149.184 136.268 9.28846
109076 11 -149.184 136.268 9.28846 -150.663 138.216 8.6166
109076 11 -150.663 138.216 8.6166 -165.755 156.381 1.635
109076 11 -165.755 156.381 1.635 -165.767 156.392 1.63241
109076 11 -165.767 156.392 1.63241 -165.782 156.397 1.63423
109076 11 -165.782 156.397 1.63423 -165.797 156.399 1.63235
109076 11 -165.797 156.399 1.63235 -165.81 156.397 1.63409
109076 11 -165.81 156.397 1.63409 -165.812 156.397 1.635
109076 11 -165.812 156.397 1.635 -179.345 150.846 10.635
109076 11 -179.345 150.846 10.635 -179.354 150.84 10.6443
109076 11 -179.354 150.84 10.6443 -179.36 150.832 10.6505
109076 11 -179.36 150.832 10.6505 -179.367 150.826 10.6584
109076 11 -179.367 150.826 10.6584 -179.379 150.826 10.6629
109076 11 -179.379 150.826 10.6629 -179.39 150.823 10.6668
109076 11 -179.39 150.823 10.6668 -179.396 150.812 10.6651
109076 11 -179.396 150.812 10.6651 -179.398 150.801 10.6655
109076 11 -179.398 150.801 10.6655 -179.398 150.791 10.6575
109076 11 -179.398 150.791 10.6575 -179.4 150.78 10.652
109076 11 -179.4 150.78 10.652 -179.408 150.775 10.6606
109076 11 -179.408 150.775 10.6606 -179.412 150.769 10.6696
109076 11 -179.412 150.769 10.6696 -179.412 150.769 10.67
109076 11 -179.412 150.769 10.67 -179.424 150.771 10.6929
109076 11 -179.424 150.771 10.6929 -179.444 150.778 10.7166
109076 11 -179.444 150.778 10.7166 -179.452 150.79 10.7426
109076 11 -179.452 150.79 10.7426 -179.471 150.817 10.7787
109076 11 -179.471 150.817 10.7787 -179.501 150.84 10.8306
109076 11 -179.501 150.84 10.8306 -179.53 150.873 10.903
109076 11 -179.53 150.873 10.903 -179.573 150.896 11.0411
109076 11 -179.573 150.896 11.0411 -179.607 150.786 11.0398
109076 11 -149.184 136.268 9.28846 -149.254 136.187 9.21242
109076 11 -144.386 125.051 3.33345 -144.398 125.031 3.35301
109076 22 1.87697 0.583313 0.0983574 1.87234 0.583552 0.1
109076 22 1.87234 0.583552 0.1 -2.35708 0.801566 1.6
109076 22 -2.35708 0.801566 1.6 -2.45576 0.806653 1.635
109076 22 -2.45576 0.806653 1.635 -27.8322 2.11474 10.635
109076 22 -27.8322 2.11474 10.635 -27.9309 2.11983 10.67
109076 22 -27.9309 2.11983 10.67 -32.1603 2.33784 12.17
109076 22 -32.1603 2.33784 12.17 -60.3564 3.79127 22.17
109076 22 -60.3564 3.79127 22.17 -64.5858 4.00928 23.67
109076 22 -64.5858 4.00928 23.67 -64.6845 4.01437 23.705
109076 22 -64.6845 4.01437 23.705 -279.806 15.1033 100
192401 11 0.19342 1.18199 -0.736073 0.178569 1.30732 -0.759464
192401 11 0.178569 1.30732 -0.759464 0.231672 1.45824 -0.699232
192401 11 0.231672 1.45824 -0.699232 0.201484 1.70678 -0.787899
192401 11 0.201484 1.70678 -0.787899 0.273965 1.97135 -1.01315
192401 11 0.273965 1.97135 -1.01315 0.283248 1.93122 -1.14343
192401 11 0.283248 1.93122 -1.14343 0.317366 1.89574 -1.16472
192401 22 0.283248 1.93122 -1.14343 1.77173 2.42094 -0.177728
192401 22 1.77173 2.42094 -0.177728 2.04567 2.51107 -1.11022e-16
192401 22 2.04567 2.51107 -1.11022e-16 2.19981 2.56178 0.1
192401 22 2.19981 2.56178 0.1 4.51183 3.32246 1.6
192401 22 4.51183 3.32246 1.6 4.56578 3.34021 1.635
192401 22 4.56578 3.34021 1.635 18.4379 7.90428 10.635
192401 22 18.4379 7.90428 10.635 18.4919 7.92203 10.67
192401 22 18.4919 7.92203 10.67 19.5771 8.27906 11.3741
192401 22 19.5771 8.27906 11.3741 22.7756 4.01634 10.67
192401 22 22.7756 4.01634 10.67 22.9346 3.80443 10.635
192401 22 22.9346 3.80443 10.635 63.8217 -50.6865 1.635
192401 22 63.8217 -50.6865 1.635 63.9807 -50.8984 1.6
192401 22 63.9807 -50.8984 1.6 70.7953 -59.9803 0.1
192401 22 70.7953 -59.9803 0.1 116.225 -120.526 -9.9
192401 22 116.225 -120.526 -9.9 123.04 -129.608 -11.4
192401 22 123.04 -129.608 -11.4 123.155 -129.76 -11.4252
192401 22 123.155 -129.76 -11.4252 123.223 -129.855 -11.4
192401 22 123.223 -129.855 -11.4 127.327 -135.498 -9.9
192401 22 127.327 -135.498 -9.9 154.682 -173.114 0.1
192401 22 154.682 -173.114 0.1 158.785 -178.756 1.6
192401 22 158.785 -178.756 1.6 158.864 -178.864 1.62868
192401 11 158.864 -178.864 1.62868 158.864 -178.864 1.62496
192401 11 158.864 -178.864 1.62496 158.864 -178.865 1.62458
192401 11 123.155 -129.76 -11.4252 123.155 -129.76 -11.4252
192401 11 19.5771 8.27906 11.3741 19.5771 8.27934 11.3742
211801 11 0.262912 0.499749 -0.0142672 0.258841 0.503818 3.46945e-18
211801 11 0.258841 0.503818 3.46945e-18 0.24212 0.499426 0.0145845
211801 11 0.24212 0.499426 0.0145845 0.241625 0.494706 0.0367248
211801 11 0.241625 0.494706 0.0367248 0.238663 0.495435 0.0586906
211801 11 0.238663 0.495435 0.0586906 0.248466 0.502789 0.072454
211801 11 0.248466 0.502789 0.072454 0.247322 0.499915 0.0937577
211801 11 0.247322 0.499915 0.0937577 0.249749 0.495022 0.1
211801 11 0.249749 0.495022 0.1 0.377947 0.297124 0.30232
211801 11 0.377947 0.297124 0.30232 0.401811 0.0463711 0.459072
211801 11 0.401811 0.0463711 0.459072 0.586993 -0.142856 0.682812
211801 11 0.586993 -0.142856 0.682812 0.74454 -0.231353 0.922629
211801 11 0.74454 -0.231353 0.922629 0.696995 -0.422182 1.28402
211801 11 0.696995 -0.422182 1.28402 0.813069 -0.585423 1.48271
211801 11 0.813069 -0.585423 1.48271 0.842626 -0.688548 1.6
211801 11 0.842626 -0.688548 1.6 0.843396 -0.697166 1.61316
211801 11 0.843396 -0.697166 1.61316 0.856392 -0.705191 1.61736
211801 11 0.856392 -0.705191 1.61736 0.870979 -0.715406 1.61926
211801 11 0.870979 -0.715406 1.61926 0.88642 -0.713381 1.61739
211801 11 0.88642 -0.713381 1.61739 0.897488 -0.716526 1.60617
211801 11 0.897488 -0.716526 1.60617 0.909299 -0.721833 1.6
211801 11 0.909299 -0.721833 1.6 0.940625 -0.764774 1.56684
211801 11 0.940625 -0.764774 1.56684 0.959863 -0.821262 1.55461
211801 11 0.959863 -0.821262 1.55461 0.994744 -0.875133 1.55968
211801 11 0.994744 -0.875133 1.55968 1.01109 -0.921467 1.56622
211801 11 1.01109 -0.921467 1.56622 1.03908 -0.965787 1.57357
211801 11 1.03908 -0.965787 1.57357 1.04646 -1.02581 1.58005
211801 11 1.04646 -1.02581 1.58005 1.04996 -1.06694 1.6
211801 11 1.04996 -1.06694 1.6 1.05423 -1.06951 1.60497
211801 11 1.05423 -1.06951 1.60497 1.05313 -1.07184 1.61063
211801 11 1.05313 -1.07184 1.61063 1.05394 -1.07401 1.61511
211801 11 1.05394 -1.07401 1.61511 1.05595 -1.07883 1.6222
211801 11 1.05595 -1.07883 1.6222 1.05687 -1.08131 1.62772
211801 11 1.05687 -1.08131 1.62772 1.05792 -1.08319 1.63382
211801 11 1.05792 -1.08319 1.63382 1.06019 -1.08433 1.635
211801 11 1.06019 -1.08433 1.635 52.3101 -135.728 5.76029
211801 11 52.3101 -135.728 5.76029 50.8677 -150.536 1.89059
211801 11 50.8677 -150.536 1.89059 44.0762 -207.689 10.635
211801 11 44.0762 -207.689 10.635 44.0762 -207.689 10.635
211801 11 44.0762 -207.689 10.635 78.9808 -289.417 5.00496
211801 11 78.9808 -289.417 5.00496 78.9808 -289.417 5.00496
211801 11 78.9808 -289.417 5.00496 83.5724 -278.569 10.635
211801 11 83.5724 -278.569 10.635 83.5716 -278.567 10.636
211801 11 83.5716 -278.567 10.636 83.5701 -278.565 10.6371
211801 11 83.5701 -278.565 10.6371 83.5691 -278.563 10.6359
211801 11 83.5691 -278.563 10.6359 83.5692 -278.562 10.635
211801 11 83.5692 -278.562 10.635 80.9716 -273.351 2.33607
211801 11 80.9716 -273.351 2.33607 80.8632 -272.558 1.635
211801 11 80.8632 -272.558 1.635 80.8633 -272.557 1.63311
211801 11 80.8633 -272.557 1.63311 80.8615 -272.557 1.63183
211801 11 80.8615 -272.557 1.63183 80.8605 -272.557 1.62905
211801 11 80.8605 -272.557 1.62905 80.8592 -272.557 1.62616
211801 11 80.8592 -272.557 1.62616 80.8587 -272.557 1.62201
211801 11 80.8587 -272.557 1.62201 80.8619 -272.55 1.62288
211801 11 80.8619 -272.55 1.62288 80.8586 -272.545 1.61987
211801 11 80.8586 -272.545 1.61987 80.8493 -272.548 1.61784
211801 11 80.8493 -272.548 1.61784 80.8472 -272.542 1.61208
211801 11 80.8472 -272.542 1.61208 80.8435 -272.54 1.608
211801 11 80.8435 -272.54 1.608 80.8411 -272.539 1.60504
211801 11 80.8411 -272.539 1.60504 80.8387 -272.539 1.60405
211801 11 80.8387 -272.539 1.60405 80.8384 -272.539 1.60461
211801 11 80.9716 -273.351 2.33607 80.9478 -273.341 2.35056
211801 11 50.8677 -150.536 1.89059 50.7841 -150.591 1.79061
211801 11 50.7841 -150.591 1.79061 50.7209 -150.584 1.72869
211801 11 50.7209 -150.584 1.72869 50.6714 -150.587 1.70805
211801 11 50.6714 -150.587 1.70805 50.6429 -150.557 1.67118
211801 11 50.6429 -150.557 1.67118 50.6389 -150.555 1.635
211801 11 50.6389 -150.555 1.635 50.6389 -150.555 1.635
211801 11 50.6389 -150.555 1.635 50.639 -150.555 1.63499
211801 11 50.639 -150.555 1.63499 50.639 -150.555 1.63499
211801 11 50.639 -150.555 1.63499 50.639 -150.555 1.63499
211801 11 50.639 -150.555 1.63499 50.639 -150.555 1.63499
211801 11 52.3101 -135.728 5.76029 52.3503 -135.728 5.70663
240568 11 0.405906 0.244176 -0.408051 0.370939 0.089377 -0.224847
240568 11 0.370939 0.089377 -0.224847 0.309374 -0.0904997 -0.0532349
240568 11 0.309374 -0.0904997 -0.0532349 0.294477 -0.129374 2.08167e-17
240568 11 0.294477 -0.129374 2.08167e-17 0.265192 -0.134933 0.0182257
240568 11 0.265192 -0.134933 0.0182257 0.231763 -0.132115 0.0337535
240568 11 0.231763 -0.132115 0.0337535 0.233539 -0.11452 0.0619704
240568 11 0.233539 -0.11452 0.0619704 0.216667 -0.0978699 0.0780804
240568 11 0.216667 -0.0978699 0.0780804 0.211467 -0.0867761 0.0982604
240568 11 0.211467 -0.0867761 0.0982604 0.211374 -0.0859569 0.1
240568 11 0.211374 -0.0859569 0.1 0.232535 -0.01732 0.718335
240568 11 0.232535 -0.01732 0.718335 0.360771 -0.13416 1.21605
240568 11 0.360771 -0.13416 1.21605 0.56348 -0.160517 1.6
240568 11 0.56348 -0.160517 1.6 0.569215 -0.173806 1.62556
240568 11 0.569215 -0.173806 1.62556 0.581478 -0.18128 1.635
240568 11 0.581478 -0.18128 1.635 0.581478 -0.18128 1.635
240568 11 0.581478 -0.18128 1.635 0.597002 -0.199096 1.63475
240568 11 0.597002 -0.199096 1.63475 0.596436 -0.212296 1.635
240568 11 0.596436 -0.212296 1.635 2.82895 -13.0803 1.67119
240568 11 2.82895 -13.0803 1.67119 16.703 -57.351 3.00326
240568 11 16.703 -57.351 3.00326 18.0655 -66.2158 4.11728
240568 11 18.0655 -66.2158 4.11728 25.4731 -114.135 10.635
240568 11 25.4731 -114.135 10.635 25.4731 -114.135 10.635
240568 11 25.4731 -114.135 10.635 37.717 -141.94 9.51497
240568 11 37.717 -141.94 9.51497 47.2469 -158.983 6.37226
240568 11 47.2469 -158.983 6.37226 95.105 -230.267 5.35231
240568 11 95.105 -230.267 5.35231 97.0054 -232.245 4.95641
240568 11 97.0054 -232.245 4.95641 99.6296 -234.89 4.50234
240568 11 99.6296 -234.89 4.50234 112.065 -249.149 1.635
240568 11 112.065 -249.149 1.635 112.083 -249.168 1.62904
240568 11 112.083 -249.168 1.62904 112.098 -249.153 1.61398
240568 11 112.098 -249.153 1.61398 112.094 -249.139 1.6
240568 11 112.094 -249.139 1.6 112.105 -249.067 1.49247
240568 11 112.105 -249.067 1.49247 112.135 -248.995 1.36938
240568 11 112.135 -248.995 1.36938 112.163 -248.934 1.25872
240568 11 112.163 -248.934 1.25872 112.265 -248.994 1.0876
240568 11 112.265 -248.994 1.0876 112.145 -248.962 0.796185
240568 11 112.145 -248.962 0.796185 111.998 -248.88 0.485358
240568 11 111.998 -248.88 0.485358 111.981 -248.951 0.294582
240568 11 111.981 -248.951 0.294582 112.038 -248.951 0.176398
240568 11 112.038 -248.951 0.176398 112.042 -248.923 0.1
240568 11 112.042 -248.923 0.1 106.835 -250.75 -9.9
240568 11 106.835 -250.75 -9.9 106.832 -250.752 -9.91415
240568 11 106.832 -250.752 -9.91415 106.833 -250.751 -9.92821
240568 11 106.833 -250.751 -9.92821 106.833 -250.745 -9.94169
240568 11 106.833 -250.745 -9.94169 106.842 -250.736 -9.96192
240568 11 106.842 -250.736 -9.96192 106.867 -250.737 -9.98669
240568 11 106.867 -250.737 -9.98669 106.912 -250.73 -9.98646
240568 11 106.912 -250.73 -9.98646 106.908 -250.675 -9.96821
240568 11 106.908 -250.675 -9.96821 106.931 -250.65 -9.98247
240568 11 106.931 -250.65 -9.98247 106.927 -250.62 -9.97127
240568 11 99.6296 -234.89 4.50234 99.8654 -234.707 4.51132
240568 11 99.8654 -234.707 4.51132 99.8546 -234.7 4.55142
240568 11 97.0054 -232.245 4.95641 96.9991 -232.256 4.97484
240568 11 95.105 -230.267 5.35231 95.1341 -230.239 5.34916
240568 11 47.2469 -158.983 6.37226 47.2173 -159.002 6.36526
240568 11 37.717 -141.94 9.51497 37.7381 -141.933 9.5328
240568 11 18.0655 -66.2158 4.11728 18.0571 -66.2143 4.14231
240568 11 16.703 -57.351 3.00326 16.7282 -57.3695 2.89984
240568 11 2.82895 -13.0803 1.67119 2.78813 -13.1024 1.68101
240568 11 2.78813 -13.1024 1.68101 2.74969 -13.0973 1.69954
240568 11 2.74969 -13.0973 1.69954 2.72984 -13.0699 1.72384
240568 11 2.72984 -13.0699 1.72384 2.69143 -13.0557 1.75722
240568 11 2.69143 -13.0557 1.75722 2.68752 -13.0398 1.78191
262083 11 0.631443 0.783439 -0.0266926 0.631807 0.790508 1.73472e-17
262083 11 0.631807 0.790508 1.73472e-17 0.63103 0.789326 0.0338332
262083 11 0.63103 0.789326 0.0338332 0.633408 0.804381 0.0624762
262083 11 0.633408 0.804381 0.0624762 0.628331 0.805395 0.0977847
262083 11 0.628331 0.805395 0.0977847 0.629468 0.804727 0.1
262083 11 0.629468 0.804727 0.1 0.816684 0.780912 1.01281
262083 11 0.816684 0.780912 1.01281 1.02435 0.598335 1.6
262083 11 1.02435 0.598335 1.6 1.02851 0.560044 1.61756
262083 11 1.02851 0.560044 1.61756 1.01079 0.525366 1.62711
262083 11 1.01079 0.525366 1.62711 1.00756 0.505612 1.635
262083 11 1.00756 0.505612 1.635 13.3551 -191.031 8.79196
262083 11 13.3551 -191.031 8.79196 12.6443 -191.951 9.10037
262083 11 12.6443 -191.951 9.10037 9.14283 -196.572 10.635
262083 11 9.14283 -196.572 10.635 9.12715 -196.606 10.6461
262083 11 9.12715 -196.606 10.6461 9.11681 -196.635 10.649
262083 11 9.11681 -196.635 10.649 9.10042 -196.662 10.6681
262083 11 9.10042 -196.662 10.6681 9.09695 -196.668 10.67
262083 11 9.09695 -196.668 10.67 9.03963 -196.861 10.6949
262083 11 9.03963 -196.861 10.6949 9.04182 -196.893 10.67
262083 11 9.04182 -196.893 10.67 9.03744 -196.913 10.6535
262083 11 9.03744 -196.913 10.6535 9.03462 -196.936 10.6501
262083 11 9.03462 -196.936 10.6501 9.02753 -196.952 10.635
262083 11 9.02753 -196.952 10.635 11.5171 -207.071 1.635
262083 11 11.5171 -207.071 1.635 11.5119 -207.084 1.62462
262083 11 11.5119 -207.084 1.62462 11.514 -207.096 1.60636
262083 11 11.514 -207.096 1.60636 11.513 -207.098 1.6
262083 11 11.513 -207.098 1.6 11.5432 -207.089 1.49872
262083 11 11.5432 -207.089 1.49872 11.6029 -207.073 1.40315
262083 11 11.6029 -207.073 1.40315 11.6614 -207.066 1.31846
262083 11 11.6614 -207.066 1.31846 11.7558 -207.104 1.15995
262083 11 11.7558 -207.104 1.15995 11.967 -207.138 1.00801
262083 11 11.967 -207.138 1.00801 12.2925 -207.012 0.946897
262083 11 12.2925 -207.012 0.946897 12.5343 -206.827 0.843271
262083 11 12.5343 -206.827 0.843271 12.3842 -206.906 0.481366
262083 11 12.3842 -206.906 0.481366 12.322 -206.973 0.453047
262083 11 12.6443 -191.951 9.10037 12.6249 -191.94 9.09243
262083 11 13.3551 -191.031 8.79196 13.3625 -191.022 8.84681
265442 11 0.766513 0.760908 -0.362341 0.752001 0.807868 -0.315582
265442 11 0.752001 0.807868 -0.315582 0.716861 0.840034 -0.258628
265442 11 0.716861 0.840034 -0.258628 0.685431 0.831354 -0.201165
265442 11 0.685431 0.831354 -0.201165 0.660264 0.830558 -0.115791
265442 11 0.660264 0.830558 -0.115791 0.671703 0.856928 -0.0480909
265442 11 0.671703 0.856928 -0.0480909 0.671215 0.891652 -1.38778e-17
265442 11 0.671215 0.891652 -1.38778e-17 0.65558 0.892544 0.0270112
265442 11 0.65558 0.892544 0.0270112 0.632801 0.892519 0.0362579
265442 11 0.632801 0.892519 0.0362579 0.614224 0.906023 0.0527341
265442 11 0.614224 0.906023 0.0527341 0.605414 0.915183 0.0825768
265442 11 0.605414 0.915183 0.0825768 0.599807 0.904024 0.1
265442 11 0.599807 0.904024 0.1 0.315801 0.587418 0.307983
265442 11 0.315801 0.587418 0.307983 -0.139181 0.631938 0.49045
265442 11 -0.139181 0.631938 0.49045 -0.449751 0.785839 0.777828
265442 11 -0.449751 0.785839 0.777828 -0.577919 0.997225 1.09181
265442 11 -0.577919 0.997225 1.09181 -0.722856 1.42077 1.4173
265442 11 -0.722856 1.42077 1.4173 -0.825486 1.54311 1.6
265442 11 -0.825486 1.54311 1.6 -0.83601 1.5567 1.60692
265442 11 -0.83601 1.5567 1.60692 -0.841233 1.57263 1.61676
265442 11 -0.841233 1.57263 1.61676 -0.838554 1.58962 1.62551
265442 11 -0.838554 1.58962 1.62551 -0.836172 1.60457 1.63468
265442 11 -0.836172 1.60457 1.63468 -0.840142 1.60883 1.635
265442 11 -0.840142 1.60883 1.635 -46.0825 43.7168 10.635
265442 11 -46.0825 43.7168 10.635 -46.0825 43.7168 10.635
265442 11 -46.0825 43.7168 10.635 -72.8605 60.6236 9.74606
265442 11 -72.8605 60.6236 9.74606 -101.577 70.128 7.51471
265442 11 -101.577 70.128 7.51471 -118.175 78.0204 7.51625
265442 11 -118.175 78.0204 7.51625 -170.003 110.495 10.4309
265442 11 -170.003 110.495 10.4309 -173.07 112.36 9.7137
265442 11 -173.07 112.36 9.7137 -201.332 127.648 4.46499
265442 11 -201.332 127.648 4.46499 -208.667 130.896 1.635
265442 11 -208.667 130.896 1.635 -208.68 130.899 1.62901
265442 11 -208.68 130.899 1.62901 -208.689 130.898 1.62221
265442 11 -208.689 130.898 1.62221 -208.7 130.905 1.61733
265442 11 -208.7 130.905 1.61733 -208.709 130.911 1.60947
265442 11 -208.709 130.911 1.60947 -208.7 130.916 1.60193
265442 11 -208.7 130.916 1.60193 -208.695 130.919 1.6
265442 11 -208.695 130.919 1.6 -208.695 130.919 1.6
265442 11 -208.695 130.919 1.6 -208.685 130.921 1.60331
265442 11 -208.685 130.921 1.60331 -208.674 130.919 1.60707
265442 11 -208.674 130.919 1.60707 -208.665 130.926 1.60951
265442 11 -208.665 130.926 1.60951 -208.657 130.932 1.61328
265442 11 -208.657 130.932 1.61328 -208.651 130.942 1.61892
265442 11 -208.651 130.942 1.61892 -208.643 130.945 1.62628
265442 11 -208.643 130.945 1.62628 -208.635 130.948 1.63188
265442 11 -208.635 130.948 1.63188 -208.631 130.946 1.635
265442 11 -208.631 130.946 1.635 -169.704 118.532 10.635
265442 11 -169.704 118.532 10.635 -169.696 118.53 10.6387
265442 11 -169.696 118.53 10.6387 -169.687 118.53 10.6372
265442 11 -169.687 118.53 10.6372 -169.679 118.532 10.6374
265442 11 -169.679 118.532 10.6374 -169.672 118.534 10.6355
265442 11 -169.672 118.534 10.6355 -169.667 118.537 10.635
265442 11 -169.667 118.537 10.635 -169.667 118.537 10.635
265442 11 -169.667 118.537 10.635 -169.662 118.542 10.64
265442 11 -169.662 118.542 10.64 -169.656 118.542 10.6409
265442 11 -169.656 118.542 10.6409 -169.651 118.546 10.6451
265442 11 -169.651 118.546 10.6451 -169.645 118.548 10.6491
265442 11 -169.645 118.548 10.6491 -169.641 118.552 10.6508
265442 11 -169.641 118.552 10.6508 -169.639 118.559 10.6536
265442 11 -169.639 118.559 10.6536 -169.632 118.565 10.6517
265442 11 -169.632 118.565 10.6517 -169.626 118.559 10.6465
265442 11 -169.626 118.559 10.6465 -169.624 118.553 10.6419
265442 11 -169.624 118.553 10.6419 -169.621 118.548 10.6372
265442 11 -169.621 118.548 10.6372 -169.619 118.545 10.635
265442 11 -169.619 118.545 10.635 -161.835 118.069 1.635
265442 11 -161.835 118.069 1.635 -161.833 118.071 1.63317
265442 11 -161.833 118.071 1.63317 -161.831 118.073 1.63193
265442 11 -161.831 118.073 1.63193 -161.83 118.076 1.62973
265442 11 -161.83 118.076 1.62973 -161.828 118.078 1.63229
265442 11 -161.828 118.078 1.63229 -161.826 118.079 1.63485
265442 11 -161.826 118.079 1.63485 -161.826 118.079 1.635
265442 11 -161.826 118.079 1.635 -153 119.506 10.635
265442 11 -153 119.506 10.635 -152.999 119.507 10.6365
265442 11 -152.999 119.507 10.6365 -152.997 119.507 10.6371
265442 11 -152.997 119.507 10.6371 -152.995 119.509 10.6374
265442 11 -152.995 119.509 10.6374 -152.994 119.51 10.6386
265442 11 -152.994 119.51 10.6386 -152.993 119.511 10.6383
265442 11 -152.993 119.511 10.6383 -152.992 119.512 10.6373
265442 11 -152.992 119.512 10.6373 -152.99 119.513 10.6376
265442 11 -152.99 119.513 10.6376 -152.989 119.514 10.6383
265442 11 -152.989 119.514 10.6383 -152.988 119.515 10.6399
265442 11 -152.988 119.515 10.6399 -152.985 119.516 10.6404
265442 11 -152.985 119.516 10.6404 -152.983 119.515 10.6435
265442 11 -152.983 119.515 10.6435 -152.982 119.512 10.6462
265442 11 -152.982 119.512 10.6462 -152.987 119.517 10.6476
265442 11 -152.987 119.517 10.6476 -152.987 119.517 10.646
265442 11 -201.332 127.648 4.46499 -201.36 127.643 4.52751
265442 11 -173.07 112.36 9.7137 -173.079 112.343 9.69942
265442 11 -170.003 110.495 10.4309 -169.956 110.47 10.5407
265442 11 -169.956 110.47 10.5407 -169.976 110.441 10.5742
265442 11 -169.976 110.441 10.5742 -169.954 110.427 10.6059
265442 11 -169.954 110.427 10.6059 -169.918 110.41 10.6066
265442 11 -169.918 110.41 10.6066 -169.906 110.423 10.5724
265442 11 -169.906 110.423 10.5724 -169.882 110.443 10.5843
265442 11 -118.175 78.0204 7.51625 -118.212 77.967 7.60149
265442 11 -101.577 70.128 7.51471 -101.572 70.1367 7.49206
265442 11 -72.8605 60.6236 9.74606 -72.8072 60.5676 9.29076
265442 11 -72.8072 60.5676 9.29076 -72.9073 60.6093 9.20422
311656 11 0.700994 1.04164 -0.123211 0.737998 0.993132 -0.111998
311656 11 0.737998 0.993132 -0.111998 0.780024 0.938538 -0.0961245
311656 11 0.780024 0.938538 -0.0961245 0.809847 0.882406 -0.0826688
311656 11 0.809847 0.882406 -0.0826688 0.869817 0.864875 -0.0593155
311656 11 0.869817 0.864875 -0.0593155 0.923222 0.873454 -0.0262743
311656 11 0.923222 0.873454 -0.0262743 0.979349 0.879963 -0.00328602
311656 11 0.979349 0.879963 -0.00328602 0.986166 0.882497 5.29091e-17
311656 11 0.986166 0.882497 5.29091e-17 1.00444 0.893066 0.0121429
311656 11 1.00444 0.893066 0.0121429 1.00857 0.876577 0.0333957
311656 11 1.00857 0.876577 0.0333957 1.01549 0.860759 0.0497784
311656 11 1.01549 0.860759 0.0497784 1.01937 0.883376 0.0753729
311656 11 1.01937 0.883376 0.0753729 1.01295 0.900867 0.0896899
311656 11 1.01295 0.900867 0.0896899 1.0109 0.905781 0.1
311656 11 1.0109 0.905781 0.1 1.11863 1.13179 0.212142
311656 11 1.11863 1.13179 0.212142 1.20211 1.25773 0.401629
311656 11 1.20211 1.25773 0.401629 1.20532 1.3839 0.623067
311656 11 1.20532 1.3839 0.623067 1.051 1.53335 0.760703
311656 11 1.051 1.53335 0.760703 0.940169 1.77449 1.06403
311656 11 0.940169 1.77449 1.06403 1.11997 1.87105 1.29733
311656 11 1.11997 1.87105 1.29733 1.04754 1.84858 1.49574
311656 11 1.04754 1.84858 1.49574 1.02395 1.82952 1.6
311656 11 1.02395 1.82952 1.6 1.02789 1.82955 1.61117
311656 11 1.02789 1.82955 1.61117 1.02827 1.84288 1.61857
311656 11 1.02827 1.84288 1.61857 1.0272 1.85501 1.6202
311656 11 1.0272 1.85501 1.6202 1.03362 1.86156 1.62994
311656 11 1.03362 1.86156 1.62994 1.03598 1.86574 1.635
311656 11 1.03598 1.86574 1.635 8.52073 64.4088 10.635
311656 11 8.52073 64.4088 10.635 8.52073 64.4088 10.635
311656 11 8.52073 64.4088 10.635 10.5864 72.6997 10.0479
311656 11 10.5864 72.6997 10.0479 13.1116 78.7284 9.32392
311656 11 13.1116 78.7284 9.32392 38.6997 132.171 1.635
311656 11 38.6997 132.171 1.635 38.7098 132.18 1.63499
311656 11 38.7098 132.18 1.63499 38.7205 132.185 1.63407
311656 11 38.7205 132.185 1.63407 38.7298 132.189 1.63463
311656 11 38.7298 132.189 1.63463 38.7334 132.192 1.635
311656 11 38.7334 132.192 1.635 38.7334 132.192 1.635
311656 11 38.7334 132.192 1.635 38.7436 132.192 1.63455
311656 11 38.7436 132.192 1.63455 38.7457 132.192 1.635
311656 11 38.7457 132.192 1.635 128.472 108.264 8.74557
311656 11 128.472 108.264 8.74557 139.517 100.507 10.635
311656 11 139.517 100.507 10.635 139.517 100.507 10.635
311656 11 139.517 100.507 10.635 168.232 76.8385 10.5344
311656 11 168.232 76.8385 10.5344 191.378 39.2808 6.6228
311656 11 191.378 39.2808 6.6228 201.494 9.03783 1.72424
311656 11 201.494 9.03783 1.72424 201.644 8.76604 1.635
311656 11 201.644 8.76604 1.635 201.648 8.75825 1.63273
311656 11 201.648 8.75825 1.63273 201.657 8.75502 1.63144
311656 11 201.657 8.75502 1.63144 201.664 8.74943 1.633
311656 11 201.664 8.74943 1.633 201.667 8.74922 1.635
311656 11 201.667 8.74922 1.635 252.398 17.4686 10.2614
311656 11 252.398 17.4686 10.2614 255.591 19.043 10.635
311656 11 255.591 19.043 10.635 255.597 19.0466 10.6353
311656 11 255.597 19.0466 10.6353 255.604 19.0474 10.6421
311656 11 255.604 19.0474 10.6421 255.6 19.0523 10.6475
311656 11 255.6 19.0523 10.6475 255.596 19.059 10.65
311656 11 255.596 19.059 10.65 255.593 19.0686 10.6491
311656 11 255.593 19.0686 10.6491 255.588 19.0743 10.6479
311656 11 255.588 19.0743 10.6479 255.584 19.0805 10.6471
311656 11 255.584 19.0805 10.6471 255.58 19.0861 10.6423
311656 11 255.58 19.0861 10.6423 255.577 19.0929 10.6454
311656 11 255.577 19.0929 10.6454 255.581 19.0978 10.6467
311656 11 255.581 19.0978 10.6467 255.582 19.1039 10.6436
311656 11 255.582 19.1039 10.6436 255.584 19.1114 10.6428
311656 11 255.584 19.1114 10.6428 255.584 19.1189 10.6418
311656 11 255.584 19.1189 10.6418 255.589 19.1249 10.6483
311656 11 255.589 19.1249 10.6483 255.592 19.1324 10.6507
311656 11 255.592 19.1324 10.6507 255.595 19.1389 10.6514
311656 11 255.595 19.1389 10.6514 255.598 19.1481 10.6503
311656 11 255.598 19.1481 10.6503 255.601 19.1531 10.6565
311656 11 255.601 19.1531 10.6565 255.601 19.1609 10.6575
311656 11 255.601 19.1609 10.6575 255.604 19.1693 10.6581
311656 11 255.604 19.1693 10.6581 255.605 19.1779 10.6604
311656 11 255.605 19.1779 10.6604 255.61 19.1833 10.6561
311656 11 255.61 19.1833 10.6561 255.617 19.1822 10.6587
311656 11 255.617 19.1822 10.6587 255.625 19.179 10.6574
311656 11 255.625 19.179 10.6574 255.631 19.178 10.6599
311656 11 255.631 19.178 10.6599 255.628 19.1702 10.6603
311656 11 255.628 19.1702 10.6603 255.623 19.1695 10.6551
311656 11 255.623 19.1695 10.6551 255.622 19.1671 10.6548
311656 11 252.398 17.4686 10.2614 252.406 17.4499 10.2747
311656 11 201.494 9.03783 1.72424 201.488 9.00789 1.74656
311656 11 201.488 9.00789 1.74656 201.457 8.98578 1.79451
311656 11 191.378 39.2808 6.6228 191.444 39.314 6.51244
311656 11 168.232 76.8385 10.5344 168.247 76.8252 10.5706
311656 11 168.247 76.8252 10.5706 168.281 76.8251 10.5864
311656 11 168.281 76.8251 10.5864 168.306 76.8232 10.5882
311656 11 168.306 76.8232 10.5882 168.317 76.8092 10.6181
311656 11 168.317 76.8092 10.6181 168.332 76.8078 10.6324
311656 11 168.332 76.8078 10.6324 168.345 76.8234 10.6321
311656 11 128.472 108.264 8.74557 128.463 108.238 8.70329
311656 11 13.1116 78.7284 9.32392 13.1027 78.737 9.34931
311656 11 10.5864 72.6997 10.0479 10.592 72.6991 10.078
333818 11 0.29756 0.462438 -0.352722 0.23015 0.266888 -0.354581
333818 11 0.23015 0.266888 -0.354581 0.164181 0.102535 -0.228493
333818 11 0.164181 0.102535 -0.228493 0.1998 0.0815592 -0.0130249
333818 11 0.1998 0.0815592 -0.0130249 0.200959 0.0863828 5.20417e-17
333818 11 0.200959 0.0863828 5.20417e-17 0.21174 0.10191 0.0163239
333818 11 0.21174 0.10191 0.0163239 0.227438 0.113748 0.0296729
333818 11 0.227438 0.113748 0.0296729 0.231807 0.130247 0.048253
333818 11 0.231807 0.130247 0.048253 0.239807 0.15347 0.0538419
333818 11 0.239807 0.15347 0.0538419 0.241464 0.15064 0.0761398
333818 11 0.241464 0.15064 0.0761398 0.251781 0.139467 0.0982475
333818 11 0.251781 0.139467 0.0982475 0.252457 0.139148 0.1
333818 11 0.252457 0.139148 0.1 0.36801 0.10734 0.409579
333818 11 0.36801 0.10734 0.409579 0.362943 0.149638 0.725601
333818 11 0.362943 0.149638 0.725601 0.174463 0.186118 1.01355
333818 11 0.174463 0.186118 1.01355 0.00975731 0.193133 1.28895
333818 11 0.00975731 0.193133 1.28895 -0.0855704 0.276884 1.6
333818 11 -0.0855704 0.276884 1.6 -0.0903335 0.290099 1.61667
333818 11 -0.0903335 0.290099 1.61667 -0.101928 0.295345 1.635
333818 11 -0.101928 0.295345 1.635 -24.3322 -0.4802 2.30022
333818 11 -24.3322 -0.4802 2.30022 -146.953 -4.05647 10.635
333818 11 -146.953 -4.05647 10.635 -146.953 -4.05647 10.635
333818 11 -146.953 -4.05647 10.635 -181.409 6.59217 1.635
333818 11 -181.409 6.59217 1.635 -181.426 6.59522 1.6332
333818 11 -181.426 6.59522 1.6332 -181.44 6.59636 1.63473
333818 11 -181.44 6.59636 1.63473 -181.457 6.59873 1.63497
333818 11 -181.457 6.59873 1.63497 -181.458 6.5988 1.635
333818 11 -181.458 6.5988 1.635 -223.37 16.8722 4.82632
333818 11 -223.37 16.8722 4.82632 -254.155 44.1027 1.65355
333818 11 -254.155 44.1027 1.65355 -290.313 75.6181 6.24233
333818 11 -290.313 75.6181 6.24233 -350 122.501 11.3374
333818 11 -254.155 44.1027 1.65355 -254.16 44.1007 1.635
333818 11 -254.16 44.1007 1.635 -254.16 44.1007 1.635
333818 11 -254.16 44.1007 1.635 -254.16 44.1007 1.63499
333818 11 -254.16 44.1007 1.63499 -254.16 44.1007 1.63499
333818 11 -254.16 44.1007 1.63499 -254.16 44.1007 1.635
333818 11 -223.37 16.8722 4.82632 -223.355 16.8908 4.83308
333818 11 -24.3322 -0.4802 2.30022 -24.1618 0.427967 3.0025
333818 11 -24.1618 0.427967 3.0025 -23.784 1.01366 3.88992
333818 11 -23.784 1.01366 3.88992 -23.5501 1.93874 4.45979
333818 11 -23.5501 1.93874 4.45979 -23.2844 2.718 5.70226
333818 11 -23.2844 2.718 5.70226 -21.4027 3.2149 6.41163
333818 11 -21.4027 3.2149 6.41163 -19.7825 2.95598 7.15912
333818 11 -19.7825 2.95598 7.15912 -19.6956 3.09985 7.65381
333818 11 -19.6956 3.09985 7.65381 -19.8666 3.15318 7.99315
333818 11 -19.8666 3.15318 7.99315 -20.0334 3.29988 8.28754
333818 11 -20.0334 3.29988 8.28754 -20.0353 3.89904 7.86164
333818 11 -20.0353 3.89904 7.86164 -20.063 3.92702 7.51672
333818 11 -20.063 3.92702 7.51672 -20.0101 3.92139 7.48588
333818 11 -20.0353 3.89904 7.86164 -20.0166 3.87717 7.85828
333818 11 -20.0334 3.29988 8.28754 -20.0132 3.2932 8.3236
333818 11 -19.8666 3.15318 7.99315 -19.8717 3.19096 7.97744
342907 11 1.30739 0.712251 -0.929282 1.35999 0.586874 -0.93601
342907 11 1.35999 0.586874 -0.93601 1.3664 0.512 -0.893501
342907 11 1.3664 0.512 -0.893501 1.4285 0.448055 -0.862345
342907 11 1.4285 0.448055 -0.862345 1.48473 0.330634 -0.659058
342907 11 1.48473 0.330634 -0.659058 1.45171 0.341133 -0.639317
342907 22 1.4285 0.448055 -0.862345 1.52231 0.518235 -0.884169
342907 11 1.52231 0.518235 -0.884169 1.52253 0.518597 -0.884538
342907 22 1.3664 0.512 -0.893501 2.49548 -0.0456747 -0.2397
342907 11 2.49548 -0.0456747 -0.2397 2.49862 -0.0462282 -0.238961
342907 22 1.35999 0.586874 -0.93601 1.37331 0.321585 -0.905257
342907 22 1.37331 0.321585 -0.905257 2.71106 -1.28458 -0.179026
342907 22 2.71106 -1.28458 -0.179026 3.04084 -1.68052 -1.11022e-16
342907 22 3.04084 -1.68052 -1.11022e-16 3.22504 -1.90169 0.1
342907 22 3.22504 -1.90169 0.1 5.98812 -5.21916 1.6
342907 22 5.98812 -5.21916 1.6 6.05259 -5.29656 1.635
342907 22 6.05259 -5.29656 1.635 22.631 -25.2014 10.635
342907 22 22.631 -25.2014 10.635 22.6955 -25.2788 10.67
342907 22 22.6955 -25.2788 10.67 25.4586 -28.5963 12.17
342907 22 25.4586 -28.5963 12.17 43.8791 -50.7127 22.17
342907 22 43.8791 -50.7127 22.17 44.6528 -51.6417 22.59
342907 22 44.6528 -51.6417 22.59 47.2588 -52.8242 22.17
342907 22 47.2588 -52.8242 22.17 109.302 -80.977 12.17
342907 22 109.302 -80.977 12.17 118.608 -85.1999 10.67
342907 22 118.608 -85.1999 10.67 118.825 -85.2984 10.635
342907 22 118.825 -85.2984 10.635 174.664 -110.636 1.635
342907 22 174.664 -110.636 1.635 174.672 -110.64 1.63374
342907 11 174.672 -110.64 1.63374 174.673 -110.641 1.63366
342907 11 174.673 -110.641 1.63366 174.674 -110.641 1.63393
342907 11 174.674 -110.641 1.63393 174.674 -110.642 1.63376
342907 11 174.674 -110.642 1.63376 174.675 -110.643 1.63383
342907 11 174.675 -110.643 1.63383 174.675 -110.644 1.63396
342907 11 174.675 -110.644 1.63396 174.675 -110.645 1.63389
342907 11 174.675 -110.645 1.63389 174.675 -110.646 1.63448
342907 11 174.675 -110.646 1.63448 174.675 -110.647 1.63494
342907 11 174.675 -110.647 1.63494 174.675 -110.647 1.635
342907 11 174.675 -110.647 1.635 176.895 -119.705 4.46823
342907 11 176.895 -119.705 4.46823 191.236 -130.355 10.635
342907 11 191.236 -130.355 10.635 191.236 -130.354 10.6354
342907 11 191.236 -130.354 10.6354 191.236 -130.354 10.6357
342907 11 191.236 -130.354 10.6357 191.236 -130.353 10.6361
342907 11 191.236 -130.353 10.6361 191.237 -130.353 10.6365
342907 11 191.237 -130.353 10.6365 191.237 -130.353 10.6372
342907 11 191.237 -130.353 10.6372 191.237 -130.354 10.6382
342907 11 191.237 -130.354 10.6382 191.236 -130.356 10.6381
342907 11 191.236 -130.356 10.6381 191.238 -130.356 10.6389
342907 11 191.238 -130.356 10.6389 191.237 -130.356 10.6413
342907 11 191.237 -130.356 10.6413 191.236 -130.355 10.6417
342907 11 176.895 -119.705 4.46823 176.88 -119.739 4.44732
342907 11 44.6528 -51.6417 22.59 44.6527 -51.6418 22.5903
342907 11 1.37331 0.321585 -0.905257 1.37326 0.321556 -0.905276
364821 11 1.41273 0.967936 -0.228971 1.46642 0.966301 -0.105662
364821 11 1.46642 0.966301 -0.105662 1.47498 0.981419 -0.0426234
364821 11 1.47498 0.981419 -0.0426234 1.48185 0.996679 -4.16334e-17
364821 11 1.48185 0.996679 -4.16334e-17 1.49513 1.00476 0.0186635
364821 11 1.49513 1.00476 0.0186635 1.50668 1.00705 0.0421913
364821 11 1.50668 1.00705 0.0421913 1.49681 1.01876 0.0647038
364821 11 1.49681 1.01876 0.0647038 1.48821 1.02896 0.0827228
364821 11 1.48821 1.02896 0.0827228 1.48649 1.02823 0.1
364821 11 1.48649 1.02823 0.1 1.52923 1.07538 0.491144
364821 11 1.52923 1.07538 0.491144 1.62527 1.0232 0.823895
364821 11 1.62527 1.0232 0.823895 1.71051 0.991384 1.24809
364821 11 1.71051 0.991384 1.24809 1.82988 0.977725 1.54363
364821 11 1.82988 0.977725 1.54363 1.81525 0.958046 1.6
364821 11 1.81525 0.958046 1.6 1.8077 0.956102 1.62163
364821 11 1.8077 0.956102 1.62163 1.8016 0.954141 1.635
364821 11 1.8016 0.954141 1.635 -0.141802 0.1375 2.52325
364821 11 -0.141802 0.1375 2.52325 -16.3242 -6.77535 10.635
364821 11 -16.3242 -6.77535 10.635 -16.3386 -6.78597 10.6494
364821 11 -16.3386 -6.78597 10.6494 -16.3559 -6.78489 10.6651
364821 11 -16.3559 -6.78489 10.6651 -16.3645 -6.78504 10.67
364821 11 -16.3645 -6.78504 10.67 -16.4694 -6.79246 10.7137
364821 11 -16.4694 -6.79246 10.7137 -16.5556 -6.78004 10.7522
364821 11 -16.5556 -6.78004 10.7522 -16.6286 -6.72772 10.805
364821 11 -16.6286 -6.72772 10.805 -16.7145 -6.69522 10.8127
364821 11 -16.7145 -6.69522 10.8127 -16.8064 -6.66169 10.7871
364821 11 -16.8064 -6.66169 10.7871 -16.8633 -6.55846 10.7991
364821 11 -16.8633 -6.55846 10.7991 -16.8802 -6.49813 10.7547
364821 11 -16.8802 -6.49813 10.7547 -16.813 -6.44741 10.7408
364821 11 -16.813 -6.44741 10.7408 -16.7342 -6.39667 10.703
364821 11 -16.7342 -6.39667 10.703 -16.6417 -6.38425 10.6723
364821 11 -16.6417 -6.38425 10.6723 -16.6342 -6.3852 10.67
364821 11 -16.6342 -6.3852 10.67 -16.6275 -6.3857 10.6672
364821 11 -16.6275 -6.3857 10.6672 -16.6201 -6.387 10.6663
364821 11 -16.6201 -6.387 10.6663 -16.6146 -6.38891 10.6595
364821 11 -16.6146 -6.38891 10.6595 -16.6062 -6.389 10.6561
364821 11 -16.6062 -6.389 10.6561 -16.599 -6.3904 10.6543
364821 11 -16.599 -6.3904 10.6543 -16.5907 -6.38693 10.6516
364821 11 -16.5907 -6.38693 10.6516 -16.5817 -6.38465 10.655
364821 11 -16.5817 -6.38465 10.655 -16.5797 -6.39125 10.6488
364821 11 -16.5797 -6.39125 10.6488 -16.5774 -6.39697 10.6458
364821 11 -16.5774 -6.39697 10.6458 -16.5695 -6.40074 10.6423
364821 11 -16.5695 -6.40074 10.6423 -16.5635 -6.40312 10.6384
364821 11 -16.5635 -6.40312 10.6384 -16.564 -6.41075 10.638
364821 11 -16.564 -6.41075 10.638 -16.5636 -6.41896 10.6351
364821 11 -16.5636 -6.41896 10.6351 -16.5632 -6.41931 10.635
364821 11 -16.5632 -6.41931 10.635 10.4218 -29.7004 9.57024
364821 11 10.4218 -29.7004 9.57024 18.4829 -49.7294 10.635
364821 11 18.4829 -49.7294 10.635 18.4829 -49.7294 10.635
364821 11 18.4829 -49.7294 10.635 42.5057 -84.0221 10.5
364821 11 42.5057 -84.0221 10.5 54.5595 -100.598 6.45612
364821 11 54.5595 -100.598 6.45612 92.5754 -186.467 3.26358
364821 11 92.5754 -186.467 3.26358 90.6583 -193.311 10.635
364821 11 90.6583 -193.311 10.635 90.6579 -193.314 10.6367
364821 11 90.6579 -193.314 10.6367 90.6554 -193.318 10.6369
364821 11 90.6554 -193.318 10.6369 90.6548 -193.321 10.6355
364821 11 90.6548 -193.321 10.6355 90.6555 -193.325 10.6358
364821 11 90.6555 -193.325 10.6358 90.6573 -193.326 10.6383
364821 11 90.6573 -193.326 10.6383 90.6585 -193.328 10.6403
364821 11 90.6585 -193.328 10.6403 90.6617 -193.327 10.6433
364821 11 90.6617 -193.327 10.6433 90.6659 -193.325 10.6458
364821 11 90.6659 -193.325 10.6458 90.6712 -193.323 10.6451
364821 11 90.6712 -193.323 10.6451 90.6705 -193.323 10.6387
364821 11 90.6705 -193.323 10.6387 90.672 -193.324 10.6354
364821 11 90.672 -193.324 10.6354 90.6722 -193.324 10.635
364821 11 90.6722 -193.324 10.635 92.3568 -195.008 8.40073
364821 11 92.3568 -195.008 8.40073 98.6612 -199.232 1.635
364821 11 98.6612 -199.232 1.635 98.6632 -199.232 1.6346
364821 11 98.6632 -199.232 1.6346 98.6646 -199.232 1.63417
364821 11 98.6646 -199.232 1.63417 98.666 -199.233 1.63353
364821 11 98.666 -199.233 1.63353 98.6677 -199.233 1.63341
364821 11 98.6677 -199.233 1.63341 98.669 -199.234 1.6334
364821 11 98.669 -199.234 1.6334 98.6707 -199.233 1.63363
364821 11 98.6707 -199.233 1.63363 98.6719 -199.234 1.6329
364821 11 98.6719 -199.234 1.6329 98.672 -199.234 1.6343
364821 11 98.672 -199.234 1.6343 98.6728 -199.235 1.635
364821 11 98.6728 -199.235 1.635 98.6728 -199.235 1.635
364821 11 98.6728 -199.235 1.635 98.673 -199.235 1.635
364821 11 98.673 -199.235 1.635 98.6732 -199.235 1.63497
364821 11 98.6732 -199.235 1.63497 98.6734 -199.234 1.635
364821 11 98.6734 -199.234 1.635 98.6734 -199.234 1.635
364821 11 98.6734 -199.234 1.635 99.4002 -197.451 1.67001
364821 11 99.4002 -197.451 1.67001 99.2403 -195.855 1.89851
364821 11 99.2403 -195.855 1.89851 100.807 -190.145 1.70502
364821 11 100.807 -190.145 1.70502 101.726 -188.532 1.91507
364821 11 101.726 -188.532 1.91507 101.941 -183.441 1.80865
364821 11 101.941 -183.441 1.80865 101.726 -180.917 1.635
364821 11 101.726 -180.917 1.635 101.726 -180.917 1.6349
364821 11 101.726 -180.917 1.6349 101.726 -180.917 1.63499
364821 11 101.726 -180.917 1.63499 101.726 -180.917 1.635
364821 11 101.726 -180.917 1.635 100.039 -181.572 2.36408
364821 11 100.039 -181.572 2.36408 98.7058 -182.264 3.1189
364821 11 98.7058 -182.264 3.1189 98.3913 -183.232 4.47542
364821 11 98.3913 -183.232 4.47542 98.3523 -184.146 5.69335
364821 11 98.3523 -184.146 5.69335 97.7622 -185.602 6.78162
364821 11 97.7622 -185.602 6.78162 98.9464 -186.789 5.25376
364821 11 98.9464 -186.789 5.25376 97.1286 -186.176 4.85863
364821 11 97.1286 -186.176 4.85863 96.7609 -186.157 4.83315
364821 11 96.7609 -186.157 4.83315 96.1989 -185.805 5.04294
364821 11 96.1989 -185.805 5.04294 95.7403 -185.511 5.04773
364821 11 96.1989 -185.805 5.04294 96.1137 -185.938 5.30942
364821 11 96.1137 -185.938 5.30942 96.1306 -185.939 5.32709
364821 11 96.7609 -186.157 4.83315 96.7585 -186.193 4.83494
364821 11 101.726 -188.532 1.91507 101.707 -188.53 1.93575
364821 11 100.807 -190.145 1.70502 100.811 -190.181 1.70507
364821 11 99.2403 -195.855 1.89851 99.2414 -195.853 1.86256
364821 11 99.4002 -197.451 1.67001 99.4074 -197.46 1.64796
364821 11 99.4074 -197.46 1.64796 99.418 -197.475 1.66118
364821 11 92.3568 -195.008 8.40073 92.3576 -195.027 8.41281
364821 11 54.5595 -100.598 6.45612 54.5863 -100.586 6.44717
364821 11 10.4218 -29.7004 9.57024 10.4814 -29.6747 9.65696
364821 11 -0.141802 0.1375 2.52325 -0.172804 0.199768 2.5197
451276 11 0.205948 0.19624 -0.267661 0.0571836 0.131675 -0.241801
451276 11 0.0571836 0.131675 -0.241801 -0.0462633 0.11903 -0.162166
451276 11 -0.0462633 0.11903 -0.162166 -0.107081 0.114464 -0.0174291
451276 11 -0.107081 0.114464 -0.0174291 -0.128707 0.126132 -4.85723e-17
451276 11 -0.128707 0.126132 -4.85723e-17 -0.139614 0.131558 0.0195017
451276 11 -0.139614 0.131558 0.0195017 -0.140661 0.131988 0.0434045
451276 11 -0.140661 0.131988 0.0434045 -0.126227 0.127188 0.0611542
451276 11 -0.126227 0.127188 0.0611542 -0.123926 0.129305 0.0822829
451276 11 -0.123926 0.129305 0.0822829 -0.116237 0.123474 0.097008
451276 11 -0.116237 0.123474 0.097008 -0.114656 0.123337 0.1
451276 11 -0.114656 0.123337 0.1 -0.0317288 -0.0142482 0.287462
451276 11 -0.0317288 -0.0142482 0.287462 0.0877868 -0.0938992 0.517758
451276 11 0.0877868 -0.0938992 0.517758 0.191594 -0.127118 0.70903
451276 11 0.191594 -0.127118 0.70903 0.243329 -0.00878588 1.08315
451276 11 0.243329 -0.00878588 1.08315 0.419924 -0.139398 1.30361
451276 11 0.419924 -0.139398 1.30361 0.540435 -0.15385 1.45868
451276 11 0.540435 -0.15385 1.45868 0.564053 -0.105238 1.6
451276 11 0.564053 -0.105238 1.6 0.567539 -0.097685 1.60933
451276 11 0.567539 -0.097685 1.60933 0.568064 -0.0869088 1.61834
451276 11 0.568064 -0.0869088 1.61834 0.557301 -0.0778727 1.62244
451276 11 0.557301 -0.0778727 1.62244 0.549845 -0.0782805 1.63202
451276 11 0.549845 -0.0782805 1.63202 0.539505 -0.0798329 1.635
451276 11 0.539505 -0.0798329 1.635 -21.2246 -5.53269 10.635
451276 11 -21.2246 -5.53269 10.635 -21.2373 -5.53197 10.6355
451276 11 -21.2373 -5.53197 10.6355 -21.2395 -5.53226 10.635
451276 11 -21.2395 -5.53226 10.635 -45.3781 -8.13544 7.57833
451276 11 -45.3781 -8.13544 7.57833 -76.8515 -11.05 1.82691
451276 11 -76.8515 -11.05 1.82691 -77.4282 -11.2591 1.635
451276 11 -77.4282 -11.2591 1.635 -77.4354 -11.264 1.63319
451276 11 -77.4354 -11.264 1.63319 -77.4449 -11.2685 1.63185
451276 11 -77.4449 -11.2685 1.63185 -77.4555 -11.2661 1.63486
451276 11 -77.4555 -11.2661 1.63486 -77.4564 -11.2665 1.635
451276 11 -77.4564 -11.2665 1.635 -135.744 -43.0058 8.93246
451276 11 -135.744 -43.0058 8.93246 -221.154 -89.404 9.45441
451276 11 -221.154 -89.404 9.45441 -230.727 -91.7151 10.635
451276 11 -230.727 -91.7151 10.635 -230.735 -91.7182 10.6359
451276 11 -230.735 -91.7182 10.6359 -230.741 -91.7208 10.635
451276 11 -230.741 -91.7208 10.635 -243.069 -99.4604 1.635
451276 11 -243.069 -99.4604 1.635 -243.076 -99.4626 1.6334
451276 11 -243.076 -99.4626 1.6334 -243.084 -99.463 1.63064
451276 11 -243.084 -99.463 1.63064 -243.091 -99.4614 1.62671
451276 11 -243.091 -99.4614 1.62671 -243.096 -99.4587 1.62219
451276 11 -243.096 -99.4587 1.62219 -243.098 -99.4538 1.61694
451276 11 -243.098 -99.4538 1.61694 -243.097 -99.4494 1.60876
451276 11 -243.097 -99.4494 1.60876 -243.097 -99.447 1.60194
451276 11 -243.097 -99.447 1.60194 -243.097 -99.4462 1.6
451276 11 -243.097 -99.4462 1.6 -243.09 -99.4434 1.58005
451276 11 -243.09 -99.4434 1.58005 -243.084 -99.4423 1.55622
451276 11 -243.084 -99.4423 1.55622 -243.076 -99.4381 1.53372
451276 11 -243.076 -99.4381 1.53372 -243.068 -99.4428 1.4997
451276 11 -243.068 -99.4428 1.4997 -243.041 -99.4581 1.44619
451276 11 -243.041 -99.4581 1.44619 -243.002 -99.4957 1.37606
451276 11 -243.002 -99.4957 1.37606 -242.991 -99.4911 1.25859
451276 11 -242.991 -99.4911 1.25859 -242.893 -99.4837 1.15515
451276 11 -221.154 -89.404 9.45441 -221.154 -89.3928 9.48881
451276 11 -135.744 -43.0058 8.93246 -135.745 -43.005 8.95627
451276 11 -76.8515 -11.05 1.82691 -76.8642 -11.0157 1.82475
451276 11 -45.3781 -8.13544 7.57833 -45.3774 -8.12298 7.5621
465904 11 1.11576 0.953686 -0.103361 1.12574 0.961213 -0.0357519
465904 11 1.12574 0.961213 -0.0357519 1.13112 0.962486 1.38778e-17
465904 11 1.13112 0.962486 1.38778e-17 1.13428 0.95186 0.0284992
465904 11 1.13428 0.95186 0.0284992 1.12819 0.943481 0.0384354
465904 11 1.12819 0.943481 0.0384354 1.1289 0.940841 0.0642713
465904 11 1.1289 0.940841 0.0642713 1.11548 0.935851 0.090188
465904 11 1.11548 0.935851 0.090188 1.12028 0.936515 0.1
465904 11 1.12028 0.936515 0.1 1.13576 0.937578 0.497543
465904 11 1.13576 0.937578 0.497543 1.07882 1.02397 0.835782
465904 11 1.07882 1.02397 0.835782 1.26417 1.12562 1.20434
465904 11 1.26417 1.12562 1.20434 1.34684 0.955925 1.43104
465904 11 1.34684 0.955925 1.43104 1.32634 0.843032 1.6
465904 11 1.32634 0.843032 1.6 1.32768 0.825867 1.61498
465904 11 1.32768 0.825867 1.61498 1.32422 0.816485 1.63028
465904 11 1.32422 0.816485 1.63028 1.32035 0.813095 1.635
465904 11 1.32035 0.813095 1.635 -5.21767 -2.94445 6.21242
465904 11 -5.21767 -2.94445 6.21242 -11.2183 -5.78571 10.635
465904 11 -11.2183 -5.78571 10.635 -11.2331 -5.79558 10.6427
465904 11 -11.2331 -5.79558 10.6427 -11.2464 -5.7939 10.6403
465904 11 -11.2464 -5.7939 10.6403 -11.2591 -5.79294 10.635
465904 11 -11.2591 -5.79294 10.635 -21.8856 57.3844 1.635
465904 11 -21.8856 57.3844 1.635 -21.8856 57.3844 1.635
465904 11 -21.8856 57.3844 1.635 -30.1548 128.2 10.635
465904 11 -30.1548 128.2 10.635 -30.1548 128.2 10.635
465904 11 -30.1548 128.2 10.635 -39.7181 174.817 4.52776
465904 11 -39.7181 174.817 4.52776 -41.2675 189.435 4.7696
465904 11 -41.2675 189.435 4.7696 -43.3027 236.276 1.635
465904 11 -43.3027 236.276 1.635 -43.3004 236.289 1.63016
465904 11 -43.3004 236.289 1.63016 -43.2858 236.282 1.62798
465904 11 -43.2858 236.282 1.62798 -43.2778 236.275 1.62249
465904 11 -43.2778 236.275 1.62249 -43.2643 236.271 1.61765
465904 11 -43.2643 236.271 1.61765 -43.2526 236.279 1.61465
465904 11 -43.2526 236.279 1.61465 -43.2487 236.289 1.60407
465904 11 -43.2487 236.289 1.60407 -43.2489 236.302 1.6126
465904 11 -43.2489 236.302 1.6126 -43.2481 236.312 1.62162
465904 11 -43.2481 236.312 1.62162 -43.2427 236.323 1.63171
465904 11 -43.2427 236.323 1.63171 -43.2289 236.322 1.62983
465904 11 -43.2289 236.322 1.62983 -43.2178 236.325 1.62229
465904 11 -43.2178 236.325 1.62229 -43.2094 236.325 1.61498
465904 11 -43.2094 236.325 1.61498 -43.2043 236.329 1.60508
465904 11 -43.2043 236.329 1.60508 -43.2027 236.329 1.6
465904 11 -43.2027 236.329 1.6 -43.1812 236.314 1.59539
465904 11 -43.1812 236.314 1.59539 -43.1574 236.308 1.59185
465904 11 -43.1574 236.308 1.59185 -43.1299 236.299 1.58886
465904 11 -43.1299 236.299 1.58886 -43.1116 236.289 1.58718
465904 11 -43.1116 236.289 1.58718 -43.0944 236.272 1.58309
465904 11 -43.0944 236.272 1.58309 -43.0812 236.248 1.58036
465904 11 -43.0812 236.248 1.58036 -43.0737 236.221 1.58447
465904 11 -43.0737 236.221 1.58447 -43.0717 236.2 1.58522
465904 11 -43.0717 236.2 1.58522 -43.0627 236.171 1.58199
465904 11 -43.0627 236.171 1.58199 -43.0657 236.145 1.58462
465904 11 -43.0657 236.145 1.58462 -43.0556 236.122 1.59299
465904 11 -43.0556 236.122 1.59299 -43.0412 236.097 1.59573
465904 11 -43.0412 236.097 1.59573 -43.0222 236.078 1.598
465904 11 -43.0222 236.078 1.598 -43.0172 236.075 1.6
465904 11 -43.0172 236.075 1.6 -43.0147 236.073 1.60159
465904 11 -43.0147 236.073 1.60159 -43.0118 236.07 1.60345
465904 11 -43.0118 236.07 1.60345 -43.0128 236.066 1.60258
465904 11 -43.0128 236.066 1.60258 -43.0116 236.064 1.60058
465904 11 -43.0116 236.064 1.60058 -43.0114 236.064 1.6
465904 11 -43.0114 236.064 1.6 -43.0111 236.057 1.58744
465904 11 -43.0111 236.057 1.58744 -43.0049 236.051 1.57809
465904 11 -43.0049 236.051 1.57809 -43.003 236.04 1.5726
465904 11 -43.003 236.04 1.5726 -43.0005 236.024 1.56628
465904 11 -43.0005 236.024 1.56628 -43.0057 236.013 1.5494
465904 11 -43.0057 236.013 1.5494 -43.0231 235.996 1.53416
465904 11 -43.0231 235.996 1.53416 -43.0188 235.967 1.51082
465904 11 -43.0188 235.967 1.51082 -43.0771 235.942 1.50708
465904 11 -43.0771 235.942 1.50708 -43.0852 235.935 1.52939
465904 11 -41.2675 189.435 4.7696 -41.2746 189.438 4.80055
465904 11 -39.7181 174.817 4.52776 -39.7101 174.817 4.54884
465904 11 -5.21767 -2.94445 6.21242 -5.22588 -2.9555 6.19499
465904 22 1.12819 0.943481 0.0384354 1.12276 0.949164 0.1
465904 22 1.12276 0.949164 0.1 0.990453 1.08763 1.6
465904 22 0.990453 1.08763 1.6 0.987365 1.09086 1.635
465904 22 0.987365 1.09086 1.635 0.193532 1.92167 10.635
465904 22 0.193532 1.92167 10.635 0.190445 1.9249 10.67
465904 22 0.190445 1.9249 10.67 0.0581396 2.06337 12.17
465904 22 0.0581396 2.06337 12.17 -0.823897 2.98649 22.17
465904 22 -0.823897 2.98649 22.17 -0.956203 3.12496 23.67
465904 22 -0.956203 3.12496 23.67 -0.95929 3.12819 23.705
465904 22 -0.95929 3.12819 23.705 -7.68879 10.1712 100
473445 11 0.1832 1.11412 -0.00749653 0.187816 1.11787 -1.99493e-17
473445 11 0.187816 1.11787 -1.99493e-17 0.211743 1.13385 0.0116117
473445 11 0.211743 1.13385 0.0116117 0.210626 1.14244 0.0345175
473445 11 0.210626 1.14244 0.0345175 0.205965 1.14368 0.0579821
473445 11 0.205965 1.14368 0.0579821 0.213832 1.14013 0.0879193
473445 11 0.213832 1.14013 0.0879193 0.203447 1.11933 0.0975229
473445 11 0.203447 1.11933 0.0975229 0.20244 1.11934 0.1
473445 11 0.20244 1.11934 0.1 0.0938952 1.05496 0.424798
473445 11 0.0938952 1.05496 0.424798 0.151404 0.940549 0.759047
473445 11 0.151404 0.940549 0.759047 0.157983 0.830475 0.867278
473445 11 0.157983 0.830475 0.867278 0.415023 0.473809 1.02675
473445 11 0.415023 0.473809 1.02675 0.629525 0.2454 1.07297
473445 11 0.629525 0.2454 1.07297 0.870714 0.0837275 1.01469
473445 11 0.870714 0.0837275 1.01469 1.2055 0.0357502 1.08238
473445 11 1.2055 0.0357502 1.08238 1.25943 0.0116147 1.16351
473445 11 1.25943 0.0116147 1.16351 1.4714 -0.125575 1.39287
473445 11 1.4714 -0.125575 1.39287 1.45776 -0.240175 1.6
473445 11 1.45776 -0.240175 1.6 1.45727 -0.24439 1.60841
473445 11 1.45727 -0.24439 1.60841 1.45389 -0.245533 1.61688
473445 11 1.45389 -0.245533 1.61688 1.45129 -0.242609 1.62363
473445 11 1.45129 -0.242609 1.62363 1.44983 -0.24062 1.63339
473445 11 1.44983 -0.24062 1.63339 1.44905 -0.240119 1.635
473445 11 1.44905 -0.240119 1.635 -2.83754 3.96396 10.635
473445 11 -2.83754 3.96396 10.635 -2.84109 3.96572 10.6421
473445 11 -2.84109 3.96572 10.6421 -2.84444 3.9689 10.6496
473445 11 -2.84444 3.9689 10.6496 -2.84449 3.97078 10.6584
473445 11 -2.84449 3.97078 10.6584 -2.84006 3.97011 10.6525
473445 11 -2.84006 3.97011 10.6525 -2.83576 3.96638 10.6449
473445 11 -2.83576 3.96638 10.6449 -2.83464 3.96616 10.6369
473445 11 -2.83464 3.96616 10.6369 -2.83187 3.96798 10.635
473445 11 -2.83187 3.96798 10.635 34.0856 74.2698 4.58764
473445 11 34.0856 74.2698 4.58764 41.0509 123.772 7.51975
473445 11 41.0509 123.772 7.51975 50.7604 152.449 3.61615
473445 11 50.7604 152.449 3.61615 51.4587 208.604 8.78932
473445 11 51.4587 208.604 8.78932 45.7864 216.66 4.0699
473445 11 45.7864 216.66 4.0699 44.2559 220.609 1.635
473445 11 44.2559 220.609 1.635 44.255 220.613 1.63302
473445 11 44.255 220.613 1.63302 44.2546 220.615 1.63037
473445 11 44.2546 220.615 1.63037 44.2546 220.618 1.63028
473445 11 44.2546 220.618 1.63028 44.2534 220.622 1.63079
473445 11 44.2534 220.622 1.63079 44.2528 220.625 1.62967
473445 11 44.2528 220.625 1.62967 44.2496 220.627 1.6294
473445 11 44.2496 220.627 1.6294 44.2484 220.629 1.62663
473445 11 44.2484 220.629 1.62663 44.2482 220.634 1.6236
473445 11 44.2482 220.634 1.6236 44.2451 220.637 1.62856
473445 11 44.2451 220.637 1.62856 44.2433 220.638 1.63114
473445 11 44.2433 220.638 1.63114 44.2401 220.639 1.63039
473445 11 44.2401 220.639 1.63039 44.2367 220.639 1.62806
473445 11 44.2367 220.639 1.62806 44.2323 220.638 1.62788
473445 11 44.2323 220.638 1.62788 44.2294 220.635 1.62936
473445 11 44.2294 220.635 1.62936 44.2292 220.633 1.63234
473445 11 44.2292 220.633 1.63234 44.229 220.635 1.63498
473445 11 44.229 220.635 1.63498 44.229 220.635 1.635
473445 11 44.229 220.635 1.635 43.6337 222.188 10.635
473445 11 43.6337 222.188 10.635 43.6337 222.188 10.635
473445 11 43.6337 222.188 10.635 42.9292 221.695 9.60046
473445 11 42.9292 221.695 9.60046 37.5211 218.327 1.635
473445 11 37.5211 218.327 1.635 37.5204 218.327 1.63401
473445 11 37.5204 218.327 1.63401 37.5195 218.326 1.63318
473445 11 37.5195 218.326 1.63318 37.5186 218.325 1.63275
473445 11 37.5186 218.325 1.63275 37.5177 218.324 1.63236
473445 11 37.5177 218.324 1.63236 37.5171 218.324 1.63111
473445 11 37.5171 218.324 1.63111 37.5161 218.323 1.62985
473445 11 37.5161 218.323 1.62985 37.5137 218.321 1.62943
473445 11 37.5137 218.321 1.62943 37.5136 218.321 1.63235
473445 11 37.5136 218.321 1.63235 37.5149 218.32 1.63298
473445 11 37.5149 218.32 1.63298 37.515 218.319 1.63398
473445 11 37.515 218.319 1.63398 37.514 218.318 1.63445
473445 11 37.514 218.318 1.63445 37.5133 218.318 1.635
473445 11 37.5133 218.318 1.635 35.11 218.836 10.635
473445 11 35.11 218.836 10.635 35.1097 218.837 10.6354
473445 11 35.1097 218.837 10.6354 35.1095 218.836 10.6359
473445 11 35.1095 218.836 10.6359 35.1091 218.836 10.6361
473445 11 35.1091 218.836 10.6361 35.1085 218.836 10.6358
473445 11 35.1085 218.836 10.6358 35.1084 218.836 10.6353
473445 11 35.1084 218.836 10.6353 35.1081 218.836 10.635
473445 11 35.1081 218.836 10.635 22.4918 217.342 4.41503
473445 11 22.4918 217.342 4.41503 21.6746 217.288 1.635
473445 11 21.6746 217.288 1.635 21.6745 217.288 1.6347
473445 11 21.6745 217.288 1.6347 21.6748 217.288 1.63453
473445 11 21.6748 217.288 1.63453 21.6748 217.288 1.63427
473445 11 21.6748 217.288 1.63427 21.6748 217.288 1.63415
473445 11 21.6748 217.288 1.63415 21.6748 217.287 1.63397
473445 11 21.6748 217.287 1.63397 21.6747 217.287 1.6338
473445 11 21.6747 217.287 1.6338 21.6745 217.286 1.63383
473445 11 21.6745 217.286 1.63383 21.6743 217.286 1.63415
473445 11 21.6743 217.286 1.63415 21.6742 217.285 1.63404
473445 11 21.6742 217.285 1.63404 21.6739 217.285 1.6344
473445 11 21.6739 217.285 1.6344 21.6739 217.285 1.63469
473445 11 21.6739 217.285 1.63469 21.6737 217.285 1.63479
473445 11 21.6737 217.285 1.63479 21.6736 217.285 1.63471
473445 11 21.6736 217.285 1.63471 21.6737 217.285 1.63453
473445 11 21.6737 217.285 1.63453 21.6737 217.285 1.63458
473445 11 42.9292 221.695 9.60046 42.926 221.658 9.61765
473445 11 45.7864 216.66 4.0699 45.812 216.641 4.01962
473445 11 51.4587 208.604 8.78932 51.4273 208.599 8.82122
473445 11 50.7604 152.449 3.61615 50.7972 152.446 3.64042
473445 11 41.0509 123.772 7.51975 41.1477 123.718 7.36755
473445 11 34.0856 74.2698 4.58764 34.0992 74.2662 4.60842
473445 22 1.25943 0.0116147 1.16351 2.37494 -1.2766 1.08133
473445 11 2.37494 -1.2766 1.08133 2.37404 -1.27657 1.08342
473445 22 0.157983 0.830475 0.867278 2.37147 -3.60097 1.25523
473445 22 2.37147 -3.60097 1.25523 3.58688 4.35045 0.1
473445 22 3.58688 4.35045 0.1 3.69209 5.03874 0
473445 22 3.69209 5.03874 0 3.98245 6.93831 -0.275981
473445 22 3.98245 6.93831 -0.275981 3.98361 6.94596 -0.277092
473445 11 3.98361 6.94596 -0.277092 3.98376 6.94608 -0.277343
473445 11 2.37147 -3.60097 1.25523 2.37159 -3.60157 1.2553
484149 11 0.549747 0.513142 -0.1672 0.540331 0.464881 -0.00874434
484149 11 0.540331 0.464881 -0.00874434 0.537447 0.461693 -2.42861e-17
484149 11 0.537447 0.461693 -2.42861e-17 0.538713 0.46026 0.0250659
484149 11 0.538713 0.46026 0.0250659 0.525788 0.456296 0.0490449
484149 11 0.525788 0.456296 0.0490449 0.520925 0.439881 0.0699303
484149 11 0.520925 0.439881 0.0699303 0.520499 0.431828 0.092893
484149 11 0.520499 0.431828 0.092893 0.52109 0.429404 0.1
484149 11 0.52109 0.429404 0.1 0.569535 0.254099 0.573007
484149 11 0.569535 0.254099 0.573007 0.453669 0.230652 0.939191
484149 11 0.453669 0.230652 0.939191 0.43217 0.0525821 1.35505
484149 11 0.43217 0.0525821 1.35505 0.428441 -0.15051 1.6
484149 11 0.428441 -0.15051 1.6 0.426986 -0.17625 1.61021
484149 11 0.426986 -0.17625 1.61021 0.416884 -0.20103 1.6086
484149 11 0.416884 -0.20103 1.6086 0.405499 -0.224787 1.61726
484149 11 0.405499 -0.224787 1.61726 0.397621 -0.247145 1.63256
484149 11 0.397621 -0.247145 1.63256 0.397889 -0.247695 1.635
484149 11 0.397889 -0.247695 1.635 0.775084 -0.926128 10.635
484149 11 0.775084 -0.926128 10.635 0.772781 -0.930686 10.6541
484149 11 0.772781 -0.930686 10.6541 0.778225 -0.931702 10.67
484149 11 0.778225 -0.931702 10.67 0.771856 -0.92944 10.7758
484149 11 0.771856 -0.92944 10.7758 0.787685 -0.907737 10.8688
484149 11 0.787685 -0.907737 10.8688 0.812411 -0.834921 10.9738
484149 11 0.812411 -0.834921 10.9738 0.873969 -0.849082 11.135
484149 11 0.873969 -0.849082 11.135 0.97425 -0.92904 11.3532
484149 11 0.97425 -0.92904 11.3532 1.10374 -0.874129 11.7187
484149 11 1.10374 -0.874129 11.7187 1.05891 -0.857857 11.8894
484149 22 0.426986 -0.17625 1.61021 0.404555 -0.668332 1.635
484149 22 0.404555 -0.668332 1.635 -7.74037 -179.346 10.635
484149 22 -7.74037 -179.346 10.635 -7.74555 -179.46 10.6407
484149 11 -7.74555 -179.46 10.6407 -7.74802 -179.46 10.6384
484149 11 -7.74802 -179.46 10.6384 -7.74965 -179.461 10.6372
484149 11 -7.74965 -179.461 10.6372 -7.75012 -179.462 10.6359
484149 11 -7.75012 -179.462 10.6359 -7.75016 -179.462 10.635
484149 11 -7.75016 -179.462 10.635 -7.75016 -179.462 10.635
484149 11 -7.75016 -179.462 10.635 -5.08918 -186.937 1.635
484149 11 -5.08918 -186.937 1.635 -5.08918 -186.937 1.635
484149 11 -5.08918 -186.937 1.635 4.92445 -211.695 2.01396
484149 11 4.92445 -211.695 2.01396 4.46742 -212.456 2.48688
484149 11 4.46742 -212.456 2.48688 -9.202 -223.071 8.9399
484149 11 -9.202 -223.071 8.9399 -13.4169 -225.293 8.50204
484149 11 -13.4169 -225.293 8.50204 -28.1224 -230.281 8.27498
484149 11 -28.1224 -230.281 8.27498 -40.5026 -230.39 10.5682
484149 11 -40.5026 -230.39 10.5682 -43.1412 -227.896 1.78478
484149 11 -43.1412 -227.896 1.78478 -43.1489 -227.871 1.635
484149 11 -43.1489 -227.871 1.635 -43.149 -227.871 1.63475
484149 11 -43.149 -227.871 1.63475 -43.1491 -227.871 1.63457
484149 11 -43.1491 -227.871 1.63457 -43.1489 -227.871 1.63456
484149 11 -43.1489 -227.871 1.63456 -43.1487 -227.871 1.63458
484149 11 -43.1487 -227.871 1.63458 -43.1486 -227.871 1.63471
484149 11 -43.1486 -227.871 1.63471 -43.1485 -227.871 1.63476
484149 11 -43.1485 -227.871 1.63476 -43.1485 -227.871 1.63487
484149 11 -43.1485 -227.871 1.63487 -43.1484 -227.871 1.635
484149 11 -43.1484 -227.871 1.635 -40.4965 -227.058 3.51247
484149 11 -40.4965 -227.058 3.51247 -38.1335 -226.855 6.6603
484149 11 -38.1335 -226.855 6.6603 -35.4704 -228.288 5.99551
484149 11 -35.4704 -228.288 5.99551 -32.0269 -228.725 6.23607
484149 11 -32.0269 -228.725 6.23607 -29.5204 -228.101 4.68313
484149 11 -29.5204 -228.101 4.68313 -28.5354 -227.293 3.9979
484149 11 -28.5354 -227.293 3.9979 -28.4425 -227.332 4.03182
484149 11 -28.4425 -227.332 4.03182 -28.2954 -227.37 4.04175
484149 11 -28.4425 -227.332 4.03182 -28.4388 -227.324 4.00851
484149 11 -29.5204 -228.101 4.68313 -29.4628 -228.171 4.70114
484149 11 -13.4169 -225.293 8.50204 -13.4026 -225.295 8.44417
484149 11 -9.202 -223.071 8.9399 -9.2087 -223.068 8.97688
489784 11 1.51417 1.19913 -0.027508 1.51361 1.18581 -3.46945e-17
489784 11 1.51361 1.18581 -3.46945e-17 1.5062 1.18395 0.0269533
489784 11 1.5062 1.18395 0.0269533 1.50736 1.19032 0.0349175
489784 11 1.50736 1.19032 0.0349175 1.51094 1.20647 0.053378
489784 11 1.51094 1.20647 0.053378 1.52998 1.2221 0.0651063
489784 11 1.52998 1.2221 0.0651063 1.54248 1.23726 0.0817534
489784 11 1.54248 1.23726 0.0817534 1.55944 1.25395 0.085899
489784 11 1.55944 1.25395 0.085899 1.57412 1.26505 0.0985497
489784 11 1.57412 1.26505 0.0985497 1.57418 1.26516 0.1
489784 11 1.57418 1.26516 0.1 1.72504 1.22833 0.469639
489784 11 1.72504 1.22833 0.469639 1.74265 1.19924 0.824691
489784 11 1.74265 1.19924 0.824691 1.81362 1.11538 1.24011
489784 11 1.81362 1.11538 1.24011 2.08698 1.05483 1.39234
489784 11 2.08698 1.05483 1.39234 2.42446 0.951911 1.52721
489784 11 2.42446 0.951911 1.52721 2.52139 0.914971 1.6
489784 11 2.52139 0.914971 1.6 2.53593 0.905139 1.60835
489784 11 2.53593 0.905139 1.60835 2.54856 0.893644 1.61575
489784 11 2.54856 0.893644 1.61575 2.55766 0.877253 1.62794
489784 11 2.55766 0.877253 1.62794 2.56742 0.864093 1.635
489784 11 2.56742 0.864093 1.635 39.056 -45.8862 3.57418
489784 11 39.056 -45.8862 3.57418 56.9353 -67.611 10.635
489784 11 56.9353 -67.611 10.635 56.9435 -67.6246 10.6365
489784 11 56.9435 -67.6246 10.6365 56.9499 -67.6306 10.635
489784 11 56.9499 -67.6306 10.635 90.0996 -125.127 9.14121
489784 11 90.0996 -125.127 9.14121 99.0346 -136.217 5.53867
489784 11 99.0346 -136.217 5.53867 115.386 -166.303 1.635
489784 11 115.386 -166.303 1.635 115.396 -166.312 1.63411
489784 11 115.396 -166.312 1.63411 115.403 -166.324 1.62978
489784 11 115.403 -166.324 1.62978 115.411 -166.336 1.62015
489784 11 115.411 -166.336 1.62015 115.417 -166.351 1.61558
489784 11 115.417 -166.351 1.61558 115.425 -166.361 1.61093
489784 11 115.425 -166.361 1.61093 115.432 -166.369 1.60282
489784 11 115.432 -166.369 1.60282 115.431 -166.37 1.6
489784 11 115.431 -166.37 1.6 115.408 -166.384 1.5584
489784 11 115.408 -166.384 1.5584 115.387 -166.408 1.52187
489784 11 115.387 -166.408 1.52187 115.366 -166.43 1.4891
489784 11 115.366 -166.43 1.4891 115.35 -166.451 1.4395
489784 11 115.35 -166.451 1.4395 115.343 -166.5 1.34842
489784 11 115.343 -166.5 1.34842 115.357 -166.621 1.24342
489784 11 115.357 -166.621 1.24342 115.363 -166.453 1.13891
489784 11 115.363 -166.453 1.13891 115.336 -166.347 0.938208
489784 11 115.336 -166.347 0.938208 115.214 -166.362 0.770159
489784 11 99.0346 -136.217 5.53867 99.1658 -136.155 5.56677
489784 11 90.0996 -125.127 9.14121 90.117 -125.108 9.10732
489784 22 2.08698 1.05483 1.39234 2.19746 1.08407 1.6
489784 22 2.19746 1.08407 1.6 2.20319 1.08559 1.61077
489784 11 2.20319 1.08559 1.61077 2.20323 1.08561 1.61076
