No material
Pad  0  62321.3 62322.5         -1.21191
Pad  1  62316.6 62318.2         -1.57268
Pad  2  62317.3 62318.9         -1.64664
Pad  3  62318.9 62320.5         -1.54237
Pad  4  62316.4 62317.9         -1.49252
Pad  5  62319.1 62320.4         -1.3132
Pad  6  62321   62322.5         -1.48467
Pad  7  62321.6 62322.9         -1.30293
Pad  8  62321   62322.2         -1.16691
Pad  9  62321.3 62322.5         -1.28343
Pad 10  62323.5 62325.1         -1.58088
Pad 11  62324.5 62327.2         -2.70388
Pad 12  62328   62329.4         -1.34574
Pad 13  62322.5 62323.8         -1.31739
Pad 14  62326.8 62328.1         -1.28449
Pad 15  62328.8 62330.2         -1.37671
Pad 16  62330.4 62331.7         -1.3312

Carbon
Pad  0  62336.8 62337.3         -0.536897
Pad  1  62319.6 62321           -1.41484
Pad  2  62320.7 62322.2         -1.48313
Pad  3  62321.7 62323.2         -1.4285
Pad  4  62321.7 62322.7         -1.01818
Pad  5  62326.4 62327.3         -0.942845
Pad  6  62328.5 62329.5         -0.926743
Pad  7  62332.3 62332.9         -0.613941
Pad  8  62335.2 62335.7         -0.562847
Pad  9  62338.2 62338.8         -0.575441
Pad 10  62336.3 62336.9         -0.548473
Pad 11  62340   62340.3         -0.32024
Pad 12  62346   62346.2         -0.226744
Pad 13  62346.6 62346.9         -0.269653
Pad 14  62343.6 62343.9         -0.35515
Pad 15  62344.2 62344.2         -0.0432466
Pad 16  62344   62344.2         -0.229094

Siliclon
Pad  0  62333.5 62333.4         0.0701665
Pad  1  62319.6 62321           -1.4693
Pad  2  62322   62323.1         -1.12618
Pad  3  62323.3 62325.5         -2.14707
Pad  4  62322.4 62324.3         -1.8866
Pad  5  62326.9 62327.4         -0.539254
Pad  6  62330   62330.3         -0.287967
Pad  7  62322.6 62322.9         -0.252632
Pad  8  62326.1 62326.3         -0.272565
Pad  9  62321.9 62321.9         0.0589415
Pad 10  62330.6 62330.7         -0.068397
Pad 11  62330.8 62330.6         0.199099
Pad 12  62340.4 62340           0.336396
Pad 13  62337.7 62337.4         0.308007
Pad 14  62317.4 62318.2         -0.806907
Pad 15  62321.2 62321.5         -0.287339
Pad 16  62318.8 62319.3         -0.50354

Copper
Pad  0  62249   62247.6         1.39611
Pad  1  62329.4 62330           -0.624483
Pad  2  62342.2 62342.3         -0.104404
Pad  3  62356.6 62356.6         -0.0334777
Pad  4  62346.7 62346.5         0.201522
Pad  5  62361.3 62360.2         1.1123
Pad  6  62350.3 62350.2         0.091006
Pad  7  62356.6 62355.1         1.48586
Pad  8  62309.5 62310.2         -0.638474
Pad  9  62299.5 62300.6         -1.04251
Pad 10  62258.6 62259           -0.376633
Pad 11  62242.9 62241.2         1.72666
Pad 12  62311.5 62304.9         6.63452
Pad 13  62287.2 62289.8         -2.5842
Pad 14  62367.9 62368.1         -0.182765
Pad 15  62274.2 62274.8         -0.606117
Pad 16  62393.6 62394           -0.379053

Silver
Pad  0  62223.1 62238.1         -14.959
Pad  1  62379.5 62379.7         -0.146748
Pad  2  62405.5 62405.3         0.186915
Pad  3  62398.5 62398.6         -0.0721029
Pad  4  62501.6 62499.9         1.63449
Pad  5  62395.5 62393.4         2.08459
Pad  6  62443.6 62445.2         -1.5653
Pad  7  62224.7 62233           -8.31598
Pad  8  62511.8 62510           1.81134
Pad  9  62404.2 62416.8         -12.6387
Pad 10  62045.3 62052.1         -6.77807
Pad 11  62044.8 62049.2         -4.39283
Pad 12  61876.1 61882.7         -6.57685
Pad 13  61770.4 61772.8         -2.35835
Pad 14  61937.1 61938.3         -1.21588
Pad 15  61920.8 61920.9         -0.137715
Pad 16  61698.2 61695.1         3.04513

Tungstern
Pad  0  321460  462704          -141244
Pad  1  62278.5 62279.6         -1.03711
Pad  2  62237   62237.6         -0.615598
Pad  3  62216.7 62217.9         -1.18495
Pad  4  62063   62070.5         -7.50281
Pad  5  61806.1 61814           -7.90961
Pad  6  61361   61366.9         -5.89241
Pad  7  60988.4 60991.3         -2.932
Pad  8  60919.7 60923.6         -3.92936
Pad  9  60780.2 60783.1         -2.91639
Pad 10  60780.3 60782.8         -2.55708
Pad 11  60422.4 60419.9         2.45086
Pad 12  60380.2 60377.2         3.04359
Pad 13  60213   60211.4         1.6339
Pad 14  60007.3 60005.5         1.83278
Pad 15  59923.9 59921.2         2.68198
Pad 16  62004.6 62002.6         1.97072

