Pad  0  62321.3 62322.5         -1.21191
Pad  1  62316.6 62318.2         -1.57268
Pad  2  62317.3 62318.9         -1.64664
Pad  3  62318.9 62320.5         -1.54237
Pad  4  62316.4 62317.9         -1.49252
Pad  5  62319.1 62320.4         -1.3132
Pad  6  62321   62322.5         -1.48467
Pad  7  62321.6 62322.9         -1.30293
Pad  8  62321   62322.2         -1.16691
Pad  9  62321.3 62322.5         -1.28343
Pad 10  62323.5 62325.1         -1.58088
Pad 11  62324.5 62327.2         -2.70388
Pad 12  62328   62329.4         -1.34574
Pad 13  62322.5 62323.8         -1.31739
Pad 14  62326.8 62328.1         -1.28449
Pad 15  62328.8 62330.2         -1.37671
Pad 16  62330.4 62331.7         -1.3312

100 um
Pad  0  62306.7 62308.2         -1.49426
Pad  1  62303.7 62305.4         -1.67679
Pad  2  62307.2 62308.8         -1.54179
Pad  3  62305.3 62306.6         -1.31214
Pad  4  62307.8 62309.3         -1.55333
Pad  5  62307.2 62308.8         -1.61579
Pad  6  62305.6 62307           -1.40291
Pad  7  62307.6 62309.2         -1.558
Pad  8  62307.7 62309.4         -1.64276
Pad  9  62307.4 62308.9         -1.48204
Pad 10  62308.1 62309.4         -1.33427
Pad 11  62311.4 62312.8         -1.47401
Pad 12  62309.2 62310.7         -1.4852
Pad 13  62310.5 62312           -1.48374
Pad 14  62310.6 62311.8         -1.21689
Pad 15  62309.9 62311.2         -1.28975
Pad 16  62309.7 62311           -1.23959


200 um
Pad  0  62296.8 62297.9         -1.1254
Pad  1  62293.8 62295.2         -1.3708
Pad  2  62297   62298.5         -1.50751
Pad  3  62295.2 62296.4         -1.23929
Pad  4  62297.8 62299.1         -1.33985
Pad  5  62297.2 62298.5         -1.32336
Pad  6  62295.6 62296.8         -1.20211
Pad  7  62297.5 62299           -1.45029
Pad  8  62298   62299.1         -1.13929
Pad  9  62297.1 62298.6         -1.50006
Pad 10  62297.8 62299.1         -1.37522
Pad 11  62301   62302.6         -1.5665
Pad 12  62299.1 62300.4         -1.31392
Pad 13  62300.5 62301.8         -1.31741
Pad 14  62300.3 62301.6         -1.30075
Pad 15  62299.7 62300.9         -1.18408
Pad 16  62299.5 62300.7         -1.24429

400um

Pad  0  62275.8 62277.3         -1.50303
Pad  1  62273.1 62274.8         -1.69118
Pad  2  62275.7 62277.4         -1.7063
Pad  3  62274.3 62275.7         -1.41359
Pad  4  62274.9 62276.4         -1.4824
Pad  5  62275.9 62277.5         -1.58441
Pad  6  62275.1 62276.4         -1.36979
Pad  7  62276.5 62277.8         -1.31406
Pad  8  62276.3 62277.7         -1.40783
Pad  9  62276.4 62277.8         -1.31967
Pad 10  62277.5 62278.9         -1.3704
Pad 11  62280.9 62282.3         -1.46163
Pad 12  62278.5 62279.8         -1.2615
Pad 13  62280.3 62281.6         -1.28224
Pad 14  62280.1 62281.5         -1.32787
Pad 15  62278   62279.3         -1.26668
Pad 16  62278.2 62279.5         -1.31228
Tue Jun  2 13:09:23 MSK 2020


1 mm
Pad  0  62216   62217.3         -1.27176
Pad  1  62211.4 62213           -1.59131
Pad  2  62214.8 62216.4         -1.58884
Pad  3  62211.5 62213           -1.47727
Pad  4  62214   62215.4         -1.44564
Pad  5  62216.5 62217.7         -1.23647
Pad  6  62212.1 62213.6         -1.43528
Pad  7  62214.1 62215.4         -1.30392
Pad  8  62215.9 62217.2         -1.33775
Pad  9  62215.5 62216.9         -1.41655
Pad 10  62217.9 62219.2         -1.35781
Pad 11  62219.7 62221.1         -1.36674
Pad 12  62217   62218.4         -1.41477
Pad 13  62219.2 62220.6         -1.33897
Pad 14  62218.4 62219.5         -1.09461
Pad 15  62218.8 62219.9         -1.09104
Pad 16  62217.9 62219.1         -1.2201


2 mm
Pad  0  62108.6 62109.6         -1.05761
Pad  1  62105.8 62107.2         -1.40202
Pad  2  62107.5 62109           -1.494
Pad  3  62105.6 62107.1         -1.52047
Pad  4  62106.8 62108.4         -1.54135
Pad  5  62108.5 62109.9         -1.33709
Pad  6  62106   62107.3         -1.26262
Pad  7  62107.1 62108.4         -1.31527
Pad  8  62110.1 62111.3         -1.21393
Pad  9  62106   62107.1         -1.07503
Pad 10  62108.7 62109.9         -1.22669
Pad 11  62110   62111.1         -1.1233
Pad 12  62108.1 62109.2         -1.10726
Pad 13  62108.5 62109.6         -1.10603
Pad 14  62111.5 62113           -1.47419
Pad 15  62109.5 62110.6         -1.11122
Pad 16  62108.7 62109.9         -1.19596

