Pad  0  62321.3 62322.5         -1.21191
Pad  1  62316.6 62318.2         -1.57268
Pad  2  62317.3 62318.9         -1.64664
Pad  3  62318.9 62320.5         -1.54237
Pad  4  62316.4 62317.9         -1.49252
Pad  5  62319.1 62320.4         -1.3132
Pad  6  62321   62322.5         -1.48467
Pad  7  62321.6 62322.9         -1.30293
Pad  8  62321   62322.2         -1.16691
Pad  9  62321.3 62322.5         -1.28343
Pad 10  62323.5 62325.1         -1.58088
Pad 11  62324.5 62327.2         -2.70388
Pad 12  62328   62329.4         -1.34574
Pad 13  62322.5 62323.8         -1.31739
Pad 14  62326.8 62328.1         -1.28449
Pad 15  62328.8 62330.2         -1.37671
Pad 16  62330.4 62331.7         -1.3312

x2
Pad  0  62321.3 62327.5         -6.21637
Pad  1  62316.6 62322.3         -5.64217
Pad  2  62317.3 62322.9         -5.64841
Pad  3  62318.9 62324.5         -5.58551
Pad  4  62316.4 62321.7         -5.32054
Pad  5  62319.1 62324.2         -5.12622
Pad  6  62321   62327.8         -6.82872
Pad  7  62321.6 62328.2         -6.59427
Pad  8  62321   62327.2         -6.18996
Pad  9  62321.3 62327.4         -6.15289
Pad 10  62323.5 62330.2         -6.71084
Pad 11  62324.5 62330.8         -6.25074
Pad 12  62328   62333.1         -5.02443
Pad 13  62322.5 62328.6         -6.14104
Pad 14  62326.8 62331.6         -4.71745
Pad 15  62328.8 62333.6         -4.80144
Pad 16  62330.4 62335.1         -4.67887

x3
Pad  0  62321.3 62332.2         -10.9567
Pad  1  62316.6 62328.6         -11.9634
Pad  2  62317.3 62329.1         -11.8401
Pad  3  62318.9 62330.8         -11.9067
Pad  4  62316.4 62327.7         -11.3007
Pad  5  62319.1 62330.2         -11.1328
Pad  6  62321   62332.9         -11.9117
Pad  7  62321.6 62333.3         -11.6143
Pad  8  62321   62331.9         -10.909
Pad  9  62321.3 62332           -10.7012
Pad 10  62323.5 62335           -11.5022
Pad 11  62324.5 62335.3         -10.7249
Pad 12  62328   62337.7         -9.67121
Pad 13  62322.5 62333.1         -10.5803
Pad 14  62326.8 62335.9         -9.02356
Pad 15  62328.8 62338           -9.17717
Pad 16  62330.4 62339.4         -8.95333

x4
Pad  0  	62319.1 	62335           -15.9309
Pad  1  	62316.4 	62333.4         -16.9878
Pad  2  	62317.1 	62334           -16.9145
Pad  3  	62317.2 	62333.9         -16.6842
Pad  4  	62316.8 	62333.1         -16.3286
Pad  5  	62317.8 	62334.1         -16.2948
Pad  6  	62318.8 	62335.1         -16.2893
Pad  7  	62319.3 	62335.4         -16.1217
Pad  8  	62318.4 	62334.2         -15.8083
Pad  9  	62319.4 	62335           -15.6423
Pad 10  	62319.6 	62335.3         -15.6309
Pad 11  	62320   	62335.4         -15.3347
Pad 12  	62321.4 	62336.7         -15.3024
Pad 13  	62320.8 	62335.8         -14.9665
Pad 14  	62321.4 	62335.9         -14.445
Pad 15  	62322.7 	62337.1         -14.4829
Pad 16  	62322.4 	62336.6         -14.1763

x5
Pad  0  62321.3 62340.6         -19.381
Pad  1  62316.6 62337.4         -20.735
Pad  2  62317.3 62337.5         -20.2154
Pad  3  62318.9 62339.5         -20.6194
Pad  4  62316.4 62335.6         -19.1754
Pad  5  62319.1 62338.3         -19.2081
Pad  6  62321   62341.8         -20.7937
Pad  7  62321.6 62342.1         -20.4345
Pad  8  62321   62340.1         -19.0734
Pad  9  62321.3 62339.8         -18.5386
Pad 10  62323.5 62343.4         -19.8847
Pad 11  62324.5 62342.9         -18.3807
Pad 12  62328   62346           -17.9508
Pad 13  62322.5 62340.8         -18.2569
Pad 14  62326.8 62343.5         -16.6175
Pad 15  62328.8 62345.7         -16.9483
Pad 16  62330.4 62347.1         -16.7262

x6
Pad  0  62321.3 62343.5         -22.2515
Pad  1  62316.6 62340.2         -23.5998
Pad  2  62317.3 62340.1         -22.8128
Pad  3  62318.9 62342.4         -23.4582
Pad  4  62316.4 62337.9         -21.5219
Pad  5  62319.1 62340.8         -21.7408
Pad  6  62321   62344.7         -23.7808
Pad  7  62321.6 62345           -23.386
Pad  8  62321   62342.8         -21.7234
Pad  9  62321.3 62342.3         -21.0333
Pad 10  62323.5 62346.2         -22.6295
Pad 11  62324.5 62345.3         -20.7381
Pad 12  62328   62348.8         -20.7838
Pad 13  62322.5 62343.2         -20.7381
Pad 14  62326.8 62345.9         -19.0673
Pad 15  62328.8 62348.4         -19.6213
Pad 16  62330.4 62349.8         -19.4285


